	 t,	    x,         y,       yaw,   current,   battCap,  mBattCap,   voltage,     mVLpf,   battTem,  tEneDiss,    batLel,
  1.000000,  1.819050,  7.467330, -1.611160, -0.260000,  2.697000,  2.702000, 15.112000, 15.138892, 15.000000,  0.000000,  0.998150,  1.819050,
  2.000000,  1.819050,  7.467330, -1.611160, -0.260000,  2.697000,  2.702000, 15.112000, 15.133971, 15.000000,  0.000000,  0.998150,  1.819050,
  3.000000,  1.819050,  7.467330, -1.611160, -0.260000,  2.697000,  2.702000, 15.112000, 15.129951, 15.000000,  0.000000,  0.998150,  1.819050,
  4.000000,  1.819060,  7.465940, -1.610970, -0.260000,  2.697000,  2.702000, 15.084000, 15.121545, 15.000000,  0.000000,  0.998150,  1.819060,
  5.000000,  1.819050,  7.467330, -1.611160, -0.260000,  2.697000,  2.702000, 15.084000, 15.114677, 15.000000,  0.000000,  0.998150,  1.819050,
  6.000000,  1.819060,  7.466640, -1.855677, -0.469000,  2.697000,  2.702000, 15.057000, 15.106472, 16.000000,  0.000000,  0.998150,  1.819060,
  7.000000,  1.819060,  7.466640, -2.259905, -0.462000,  2.697000,  2.702000, 15.001000, 15.091192, 16.000000,  0.000000,  0.998150,  1.819060,
  8.000000,  1.819060,  7.466640, -2.659905, -0.456000,  2.252000,  2.702000, 15.001000, 15.074693, 16.000000,  0.000000,  0.833457,  1.819060,
  9.000000,  1.819060,  7.466640, -3.059905, -0.462000,  2.252000,  2.702000, 15.001000, 15.061212, 16.000000,  0.000000,  0.833457,  1.819060,
 10.000000,  1.819060,  7.466640,  2.819538, -0.462000,  2.251000,  2.702000, 14.973000, 15.048034, 16.000000,  0.000000,  0.833087,  1.819060,
 11.000000,  1.815003,  7.453960,  2.599402, -0.684000,  2.251000,  2.702000, 14.917000, 15.028969, 16.000000,  0.000000,  0.833087,  1.815003,
 12.000000,  1.639400,  7.542680,  2.519402, -0.671000,  2.251000,  2.702000, 14.890000, 15.004459, 16.000000,  0.000000,  0.833087,  1.639400,
 13.000000,  1.391901,  7.715455,  2.479402, -0.697000,  2.251000,  2.702000, 14.862000, 14.980832, 16.000000,  0.000000,  0.833087,  1.391901,
 14.000000,  1.367570,  7.741520,  2.179403, -0.462000,  2.251000,  2.702000, 14.945000, 14.967392, 16.000000,  0.000000,  0.833087,  1.367570,
 15.000000,  1.128251,  7.922304,  1.879383, -0.534000,  2.250000,  2.702000, 14.945000, 14.962770, 16.000000,  0.000000,  0.832717,  1.128251,
 16.000000,  1.096510,  7.970600,  1.679383, -0.677000,  2.250000,  2.702000, 14.890000, 14.951802, 16.000000,  0.000000,  0.832717,  1.096510,
 17.000000,  1.045000,  8.272560,  1.679383, -0.677000,  2.250000,  2.702000, 14.862000, 14.937807, 16.000000,  0.000000,  0.832717,  1.045000,
 18.000000,  1.030520,  8.553520,  1.653463, -0.540000,  2.250000,  2.702000, 14.862000, 14.923941, 16.000000,  0.000000,  0.832717,  1.030520,
 19.000000,  1.030520,  8.553520,  1.249367, -0.456000,  2.250000,  2.702000, 14.917000, 14.920814, 16.000000,  0.000000,  0.832717,  1.030520,
 20.000000,  1.030520,  8.553520,  0.849172, -0.462000,  2.250000,  2.702000, 14.945000, 14.925238, 16.000000,  0.000000,  0.832717,  1.030520,
 21.000000,  1.020701,  8.839075,  0.509172, -0.482000,  2.249000,  2.702000, 14.945000, 14.928853, 16.000000,  0.000000,  0.832346,  1.020701,
 22.000000,  1.024030,  8.856570,  0.225252, -0.684000,  2.249000,  2.702000, 14.890000, 14.929093, 16.000000,  0.000000,  0.832346,  1.024030,
 23.000000,  1.195187,  8.903773,  0.127453, -0.658000,  2.249000,  2.702000, 14.862000, 14.918747, 16.000000,  0.000000,  0.832346,  1.195187,
 24.000000,  1.512630,  8.948150,  0.127453, -0.658000,  2.249000,  2.702000, 14.862000, 14.908367, 16.000000,  0.000000,  0.832346,  1.512630,
 25.000000,  1.812329,  8.973955,  0.137453, -0.514000,  2.249000,  2.702000, 14.890000, 14.903082, 16.000000,  0.000000,  0.832346,  1.812329,
 26.000000,  1.816000,  8.974540,  0.147453, -0.267000,  2.249000,  2.702000, 14.973000, 14.911044, 16.000000,  0.000000,  0.832346,  1.816000,
 27.000000,  1.816000,  8.974540,  0.147453, -0.267000,  2.249000,  2.702000, 15.029000, 14.929147, 16.000000,  0.000000,  0.832346,  1.816000,
 28.000000,  1.816000,  8.974540, -0.132547, -0.456000,  2.249000,  2.702000, 14.973000, 14.943655, 16.000000,  0.000000,  0.832346,  1.816000,
 29.000000,  1.816000,  8.974540, -0.538568, -0.449000,  2.248000,  2.702000, 14.973000, 14.949022, 16.000000,  0.000000,  0.831976,  1.816000,
 30.000000,  1.816000,  8.974540, -0.938568, -0.449000,  2.248000,  2.702000, 14.945000, 14.949717, 16.000000,  0.000000,  0.831976,  1.816000,
 31.000000,  1.963870,  9.005230, -1.342507, -0.449000,  2.248000,  2.702000, 14.945000, 14.948854, 16.000000,  0.000000,  0.831976,  1.963870,
 32.000000,  1.977330,  9.015050, -1.542507, -0.684000,  2.248000,  2.702000, 14.890000, 14.941377, 16.000000,  0.000000,  0.831976,  1.977330,
 33.000000,  1.998012,  8.675091, -1.580391, -0.684000,  2.248000,  2.702000, 14.834000, 14.925748, 16.000000,  0.000000,  0.831976,  1.998012,
 34.000000,  1.982320,  8.391690, -1.560391, -0.586000,  2.247000,  2.702000, 14.862000, 14.910073, 16.000000,  0.000000,  0.831606,  1.982320,
 35.000000,  1.982000,  8.142480, -1.527693, -0.684000,  2.247000,  2.702000, 14.834000, 14.896158, 16.000000,  0.000000,  0.831606,  1.982000,
 36.000000,  1.986593,  7.837390, -1.567693, -0.684000,  2.247000,  2.702000, 14.834000, 14.884788, 16.000000,  0.000000,  0.831606,  1.986593,
 37.000000,  1.991490,  7.531510, -1.568899, -0.664000,  2.247000,  2.702000, 14.834000, 14.875497, 16.000000,  0.000000,  0.831606,  1.991490,
 38.000000,  1.995139,  7.439540, -1.852797, -0.462000,  2.247000,  2.702000, 14.890000, 14.873245, 16.000000,  0.000000,  0.831606,  1.995139,
 39.000000,  1.995139,  7.439540, -2.252797, -0.456000,  2.247000,  2.702000, 14.917000, 14.879392, 16.000000,  0.000000,  0.831606,  1.995139,
 40.000000,  2.001742,  7.161775, -2.600548, -0.664000,  2.247000,  2.702000, 14.917000, 14.886271, 16.000000,  0.000000,  0.831606,  2.001742,
 41.000000,  2.001130,  7.149590, -2.880548, -0.697000,  2.246000,  2.702000, 14.890000, 14.889797, 16.000000,  0.000000,  0.831236,  2.001130,
 42.000000,  1.860768,  7.099403, -3.000548, -0.684000,  2.246000,  2.702000, 14.834000, 14.882537, 16.000000,  0.000000,  0.831236,  1.860768,
 43.000000,  1.558560,  7.041980, -3.080708, -0.684000,  2.246000,  2.702000, 14.834000, 14.873656, 16.000000,  0.000000,  0.831236,  1.558560,
 44.000000,  1.251500,  7.008850, -3.081693, -0.514000,  2.246000,  2.702000, 14.862000, 14.869597, 16.000000,  0.000000,  0.831236,  1.251500,
 45.000000,  1.179070,  6.999510, -3.121693, -0.293000,  2.246000,  2.702000, 14.945000, 14.874060, 16.000000,  0.000000,  0.831236,  1.179070,
 46.000000,  1.179070,  6.999510, -3.121693, -0.293000,  2.246000,  2.702000, 14.973000, 14.890730, 16.000000,  0.000000,  0.831236,  1.179070,
 47.000000,  1.179070,  6.999510,  2.961492, -0.488000,  2.245000,  2.702000, 14.945000, 14.907184, 16.000000,  0.000000,  0.830866,  1.179070,
 48.000000,  1.179070,  6.999510,  2.553481, -0.475000,  2.245000,  2.702000, 14.917000, 14.912455, 16.000000,  0.000000,  0.830866,  1.179070,
 49.000000,  1.179070,  6.999510,  2.153437, -0.482000,  2.245000,  2.702000, 14.917000, 14.913285, 16.000000,  0.000000,  0.830866,  1.179070,
 50.000000,  1.033227,  6.979686,  1.785674, -0.488000,  2.245000,  2.702000, 14.917000, 14.913964, 16.000000,  0.000000,  0.830866,  1.033227,
 51.000000,  1.023707,  6.994898,  1.581547, -0.690000,  2.245000,  2.702000, 14.834000, 14.904165, 16.000000,  0.000000,  0.830866,  1.023707,
 52.000000,  0.982657,  7.242800,  1.541547, -0.690000,  2.245000,  2.702000, 14.806000, 14.889156, 16.000000,  0.000000,  0.830866,  0.982657,
 53.000000,  0.977763,  7.550580,  1.561547, -0.566000,  2.245000,  2.702000, 14.806000, 14.873944, 16.000000,  0.000000,  0.830866,  0.977763,
 54.000000,  0.983337,  7.837319,  1.560892, -0.684000,  2.244000,  2.702000, 14.806000, 14.861517, 16.000000,  0.000000,  0.830496,  0.983337,
 55.000000,  0.982187,  7.943650,  1.523522, -0.716000,  2.244000,  2.702000, 14.778000, 14.850801, 16.000000,  0.000000,  0.830496,  0.982187,
 56.000000,  0.982072,  8.428960,  1.531504, -0.684000,  2.244000,  2.702000, 14.806000, 14.842607, 16.000000,  0.000000,  0.830496,  0.982072,
 57.000000,  0.976069,  8.553864,  1.391504, -0.488000,  2.244000,  2.702000, 14.834000, 14.836594, 16.000000,  0.000000,  0.830496,  0.976069,
 58.000000,  0.976069,  8.553864,  0.991504, -0.482000,  2.244000,  2.702000, 14.862000, 14.840298, 16.000000,  0.000000,  0.830496,  0.976069,
 59.000000,  0.980174,  8.556719,  0.607564, -0.482000,  2.243000,  2.702000, 14.890000, 14.848446, 16.000000,  0.000000,  0.830126,  0.980174,
 60.000000,  0.986226,  8.892030,  0.287564, -0.579000,  2.243000,  2.702000, 14.862000, 14.852478, 16.000000,  0.000000,  0.830126,  0.986226,
 61.000000,  0.982500,  8.888570,  0.639294, -0.508000,  2.243000,  2.702000, 14.834000, 14.849514, 16.000000,  0.000000,  0.830126,  0.982500,
 62.000000,  1.184980,  8.944740,  0.279020, -0.573000,  2.243000,  2.702000, 14.862000, 14.850855, 16.000000,  0.000000,  0.830126,  1.184980,
 63.000000,  1.241130,  8.936420,  0.079020, -0.684000,  2.243000,  2.702000, 14.806000, 14.845042, 16.000000,  0.000000,  0.830126,  1.241130,
 64.000000,  1.491660,  8.812800,  0.239020, -0.684000,  2.243000,  2.702000, 14.778000, 14.835211, 16.000000,  0.000000,  0.830126,  1.491660,
 65.000000,  1.647618,  8.740332,  0.459020, -0.521000,  2.243000,  2.702000, 14.834000, 14.830085, 16.000000,  0.000000,  0.830126,  1.647618,
 66.000000,  1.842952,  8.658356,  0.777094, -0.488000,  2.242000,  2.702000, 14.862000, 14.833490, 16.000000,  0.000000,  0.829756,  1.842952,
 67.000000,  1.924841,  8.636323,  1.057094, -0.482000,  2.242000,  2.702000, 14.862000, 14.838705, 16.000000,  0.000000,  0.829756,  1.924841,
 68.000000,  1.968569,  8.643655,  1.250086, -0.540000,  2.242000,  2.702000, 14.862000, 14.842968, 16.000000,  0.000000,  0.829756,  1.968569,
 69.000000,  2.021031,  8.674831,  1.440086, -0.462000,  2.242000,  2.702000, 14.862000, 14.846450, 16.000000,  0.000000,  0.829756,  2.021031,
 70.000000,  2.080263,  8.737563,  1.690086, -0.560000,  2.242000,  2.702000, 14.862000, 14.849295, 16.000000,  0.000000,  0.829756,  2.080263,
 71.000000,  2.155349,  8.775383,  2.002004, -0.619000,  2.242000,  2.702000, 14.862000, 14.851619, 16.000000,  0.000000,  0.829756,  2.155349,
 72.000000,  2.200900,  8.836060,  2.192004, -0.553000,  2.241000,  2.702000, 14.862000, 14.853518, 16.000000,  0.000000,  0.829386,  2.200900,
 73.000000,  2.209000,  8.910590,  2.383028, -0.462000,  2.241000,  2.702000, 14.862000, 14.855069, 16.000000,  0.000000,  0.829386,  2.209000,
 74.000000,  2.192938,  8.981520,  2.689562, -0.475000,  2.241000,  2.702000, 14.862000, 14.856337, 16.000000,  0.000000,  0.829386,  2.192938,
 75.000000,  2.192938,  8.981520,  2.849562, -0.267000,  2.241000,  2.702000, 14.917000, 14.861134, 16.000000,  0.000000,  0.829386,  2.192938,
 76.000000,  2.192938,  8.981520,  2.849562, -0.260000,  2.241000,  2.702000, 14.973000, 14.876092, 16.000000,  0.000000,  0.829386,  2.192938,
 77.000000,  2.192938,  8.981520,  3.009562, -0.456000,  2.241000,  2.702000, 14.945000, 14.892173, 16.000000,  0.000000,  0.829386,  2.192938,
 78.000000,  2.192938,  8.981520, -2.873623, -0.449000,  2.241000,  2.702000, 14.917000, 14.897183, 16.000000,  0.000000,  0.829386,  2.192938,
 79.000000,  2.201710,  9.054560, -2.463665, -0.449000,  2.241000,  2.702000, 14.890000, 14.896780, 16.000000,  0.000000,  0.829386,  2.201710,
 80.000000,  2.201710,  9.054560, -2.059889, -0.443000,  2.241000,  2.702000, 14.890000, 14.895539, 16.000000,  0.000000,  0.829386,  2.201710,
 81.000000,  2.201540,  9.076540, -1.817711, -0.677000,  2.240000,  2.702000, 14.834000, 14.889157, 16.000000,  0.000000,  0.829016,  2.201540,
 82.000000,  2.047440,  8.975460, -1.657711, -0.677000,  2.240000,  2.702000, 14.806000, 14.874413, 16.000000,  0.000000,  0.829016,  2.047440,
 83.000000,  1.776420,  8.712370, -1.451902, -0.658000,  2.240000,  2.702000, 14.778000, 14.857244, 16.000000,  0.000000,  0.829016,  1.776420,
 84.000000,  1.691893,  8.541541, -1.231892, -0.586000,  2.240000,  2.702000, 14.778000, 14.842747, 16.000000,  0.000000,  0.829016,  1.691893,
 85.000000,  1.505810,  8.259620, -0.931892, -0.612000,  2.240000,  2.702000, 14.834000, 14.837254, 16.000000,  0.000000,  0.829016,  1.505810,
 86.000000,  1.513631,  8.217362, -0.611892, -0.690000,  2.239000,  2.702000, 14.834000, 14.837703, 16.000000,  0.000000,  0.828645,  1.513631,
 87.000000,  1.511860,  8.149630, -0.409864, -0.658000,  2.239000,  2.702000, 14.778000, 14.831261, 16.000000,  0.000000,  0.828645,  1.511860,
 88.000000,  1.532270,  8.091530, -0.661894, -0.462000,  2.239000,  2.702000, 14.834000, 14.827869, 16.000000,  0.000000,  0.828645,  1.532270,
 89.000000,  1.540181,  8.078787, -1.021894, -0.534000,  2.239000,  2.702000, 14.862000, 14.832188, 16.000000,  0.000000,  0.828645,  1.540181,
 90.000000,  1.675040,  7.797170, -1.221894, -0.684000,  2.239000,  2.702000, 14.806000, 14.828828, 16.000000,  0.000000,  0.828645,  1.675040,
 91.000000,  1.655980,  7.653510, -1.289871, -0.456000,  2.239000,  2.702000, 14.834000, 14.823248, 16.000000,  0.000000,  0.828645,  1.655980,
 92.000000,  1.655980,  7.653510, -1.689871, -0.443000,  2.239000,  2.702000, 14.862000, 14.826861, 16.000000,  0.000000,  0.828645,  1.655980,
 93.000000,  1.655980,  7.653510, -2.125946, -0.443000,  2.238000,  2.702000, 14.862000, 14.833290, 16.000000,  0.000000,  0.828275,  1.655980,
 94.000000,  1.587913,  7.324371, -2.445946, -0.475000,  2.238000,  2.702000, 14.862000, 14.836495, 16.000000,  0.000000,  0.828275,  1.587913,
 95.000000,  1.540550,  7.300382, -2.645946, -0.658000,  2.238000,  2.702000, 14.806000, 14.832348, 16.000000,  0.000000,  0.828275,  1.540550,
 96.000000,  1.287380,  7.328520, -2.509961, -0.521000,  2.238000,  2.702000, 14.778000, 14.822406, 16.000000,  0.000000,  0.828275,  1.287380,
 97.000000,  1.161427,  7.339677, -2.209955, -0.527000,  2.238000,  2.702000, 14.834000, 14.822096, 16.000000,  0.000000,  0.828275,  1.161427,
 98.000000,  0.998657,  7.340678, -1.899955, -0.456000,  2.238000,  2.702000, 14.834000, 14.824274, 16.000000,  0.000000,  0.828275,  0.998657,
 99.000000,  0.951011,  7.335344, -1.615889, -0.449000,  2.237000,  2.702000, 14.862000, 14.827595, 16.000000,  0.000000,  0.827905,  0.951011,
100.000000,  0.899099,  7.313880, -1.514872, -0.521000,  2.237000,  2.702000, 14.834000, 14.828766, 16.000000,  0.000000,  0.827905,  0.899099,
101.000000,  0.824022,  7.213500, -1.323890, -0.456000,  2.237000,  2.702000, 14.834000, 14.829722, 16.000000,  0.000000,  0.827905,  0.824022,
102.000000,  0.782013,  7.123250, -1.013890, -0.560000,  2.237000,  2.702000, 14.834000, 14.832551, 16.000000,  0.000000,  0.827905,  0.782013,
103.000000,  0.761213,  7.104800, -0.703888, -0.553000,  2.237000,  2.702000, 14.834000, 14.835452, 16.000000,  0.000000,  0.827905,  0.761213,
104.000000,  0.759274,  7.078460, -0.528985, -0.534000,  2.237000,  2.702000, 14.834000, 14.836617, 16.000000,  0.000000,  0.827905,  0.759274,
105.000000,  0.803070,  6.978090, -0.338985, -0.469000,  2.237000,  2.702000, 14.834000, 14.836136, 16.000000,  0.000000,  0.827905,  0.803070,
106.000000,  0.803070,  6.978090, -0.098857, -0.306000,  2.237000,  2.702000, 14.862000, 14.837920, 16.000000,  0.000000,  0.827905,  0.803070,
107.000000,  0.803070,  6.978090, -0.098857, -0.299000,  2.237000,  2.702000, 14.917000, 14.850040, 16.000000,  0.000000,  0.827905,  0.803070,
108.000000,  0.803070,  6.978090,  0.021143, -0.482000,  2.236000,  2.702000, 14.917000, 14.862289, 16.000000,  0.000000,  0.827535,  0.803070,
109.000000,  0.803070,  6.978090,  0.421143, -0.482000,  2.236000,  2.702000, 14.862000, 14.866249, 16.000000,  0.000000,  0.827535,  0.803070,
110.000000,  0.803070,  6.978090,  0.823153, -0.475000,  2.236000,  2.702000, 14.862000, 14.865472, 16.000000,  0.000000,  0.827535,  0.803070,
111.000000,  0.825388,  6.870860,  1.223153, -0.462000,  2.236000,  2.702000, 14.862000, 14.864837, 16.000000,  0.000000,  0.827535,  0.825388,
112.000000,  0.848636,  6.900031,  1.442988, -0.690000,  2.236000,  2.702000, 14.778000, 14.854819, 16.000000,  0.000000,  0.827535,  0.848636,
113.000000,  1.062990,  7.039550,  1.565140, -0.697000,  2.236000,  2.702000, 14.750000, 14.837571, 16.000000,  0.000000,  0.827535,  1.062990,
114.000000,  1.275440,  7.264130,  1.769079, -0.697000,  2.235000,  2.702000, 14.750000, 14.821553, 16.000000,  0.000000,  0.827165,  1.275440,
115.000000,  1.390450,  7.472195,  2.009079, -0.495000,  2.235000,  2.702000, 14.750000, 14.808464, 16.000000,  0.000000,  0.827165,  1.390450,
116.000000,  1.531370,  7.734230,  2.289079, -0.645000,  2.235000,  2.702000, 14.778000, 14.802941, 16.000000,  0.000000,  0.827165,  1.531370,
117.000000,  1.544720,  7.806070,  2.573145, -0.775000,  2.235000,  2.702000, 14.778000, 14.801449, 16.000000,  0.000000,  0.827165,  1.544720,
118.000000,  1.493373,  7.924845,  2.773145, -0.690000,  2.235000,  2.702000, 14.750000, 14.792504, 16.000000,  0.000000,  0.827165,  1.493373,
119.000000,  1.509840,  7.942480,  2.473145, -0.488000,  2.235000,  2.702000, 14.806000, 14.790555, 16.000000,  0.000000,  0.827165,  1.509840,
120.000000,  1.361150,  8.218743,  2.153145, -0.749000,  2.234000,  2.702000, 14.806000, 14.793381, 16.000000,  0.000000,  0.826795,  1.361150,
121.000000,  1.367135,  8.270899,  1.558590, -0.540000,  2.234000,  2.702000, 14.750000, 14.787876, 16.000000,  0.000000,  0.826795,  1.367135,
122.000000,  1.399953,  8.541303,  1.902554, -0.664000,  2.234000,  2.702000, 14.778000, 14.787684, 16.000000,  0.000000,  0.826795,  1.399953,
123.000000,  1.416310,  8.556820,  2.206757, -0.794000,  2.234000,  2.702000, 14.778000, 14.788921, 16.000000,  0.000000,  0.826795,  1.416310,
124.000000,  1.371984,  8.663168,  2.366756, -0.710000,  2.234000,  2.702000, 14.750000, 14.782744, 16.000000,  0.000000,  0.826795,  1.371984,
125.000000,  1.343842,  8.718034,  2.122714, -0.488000,  2.234000,  2.702000, 14.778000, 14.779952, 16.000000,  0.000000,  0.826795,  1.343842,
126.000000,  1.343842,  8.718034,  1.714772, -0.482000,  2.233000,  2.702000, 14.806000, 14.784717, 16.000000,  0.000000,  0.826425,  1.343842,
127.000000,  1.343842,  8.718034,  1.314772, -0.469000,  2.233000,  2.702000, 14.834000, 14.792789, 16.000000,  0.000000,  0.826425,  1.343842,
128.000000,  1.343842,  8.718034,  0.914697, -0.475000,  2.233000,  2.702000, 14.834000, 14.800326, 16.000000,  0.000000,  0.826425,  1.343842,
129.000000,  1.174230,  8.962470,  0.554697, -0.579000,  2.233000,  2.702000, 14.806000, 14.805926, 16.000000,  0.000000,  0.826425,  1.174230,
130.000000,  1.201770,  8.973407,  0.214697, -0.592000,  2.233000,  2.702000, 14.806000, 14.805938, 16.000000,  0.000000,  0.826425,  1.201770,
131.000000,  1.219400,  8.989910,  0.014697, -0.684000,  2.233000,  2.702000, 14.750000, 14.799121, 16.000000,  0.000000,  0.826425,  1.219400,
132.000000,  1.522434,  8.963112,  0.048759, -0.684000,  2.233000,  2.702000, 14.723000, 14.787542, 16.000000,  0.000000,  0.826425,  1.522434,
133.000000,  1.786104,  8.899053,  0.188759, -0.469000,  2.232000,  2.702000, 14.778000, 14.781871, 16.000000,  0.000000,  0.826055,  1.786104,
134.000000,  1.906940,  8.878930,  0.502769, -0.495000,  2.232000,  2.702000, 14.806000, 14.782809, 16.000000,  0.000000,  0.826055,  1.906940,
135.000000,  1.906940,  8.878930,  0.702769, -0.273000,  2.232000,  2.702000, 14.862000, 14.789786, 16.000000,  0.000000,  0.826055,  1.906940,
136.000000,  1.906940,  8.878930,  0.702769, -0.267000,  2.232000,  2.702000, 14.890000, 14.806687, 16.000000,  0.000000,  0.826055,  1.906940,
137.000000,  1.906940,  8.878930,  0.582769, -0.449000,  2.232000,  2.702000, 14.890000, 14.825796, 16.000000,  0.000000,  0.826055,  1.906940,
138.000000,  1.906940,  8.878930,  0.181016, -0.443000,  2.232000,  2.702000, 14.862000, 14.833847, 16.000000,  0.000000,  0.826055,  1.906940,
139.000000,  1.995220,  8.863710, -0.219038, -0.469000,  2.232000,  2.702000, 14.834000, 14.836308, 16.000000,  0.000000,  0.826055,  1.995220,
140.000000,  1.995220,  8.863710, -0.619038, -0.449000,  2.232000,  2.702000, 14.834000, 14.835886, 16.000000,  0.000000,  0.826055,  1.995220,
141.000000,  1.995220,  8.863710, -1.019038, -0.475000,  2.231000,  2.702000, 14.834000, 14.835541, 16.000000,  0.000000,  0.825685,  1.995220,
142.000000,  1.996055,  8.858780, -1.402911, -0.469000,  2.231000,  2.702000, 14.834000, 14.835259, 16.000000,  0.000000,  0.825685,  1.996055,
143.000000,  2.016850,  8.869370, -1.602911, -0.658000,  2.231000,  2.702000, 14.750000, 14.826617, 16.000000,  0.000000,  0.825685,  2.016850,
144.000000,  1.951016,  8.587594, -1.522911, -0.664000,  2.231000,  2.702000, 14.750000, 14.812602, 16.000000,  0.000000,  0.825685,  1.951016,
145.000000,  1.844880,  8.290700, -1.502911, -0.671000,  2.231000,  2.702000, 14.750000, 14.798805, 16.000000,  0.000000,  0.825685,  1.844880,
146.000000,  1.810843,  8.089279, -1.380879, -0.651000,  2.231000,  2.702000, 14.723000, 14.784939, 16.000000,  0.000000,  0.825685,  1.810843,
147.000000,  1.749850,  7.779620, -1.256961, -0.671000,  2.230000,  2.702000, 14.723000, 14.773607, 16.000000,  0.000000,  0.825315,  1.749850,
148.000000,  1.743302,  7.598528, -1.376875, -0.469000,  2.230000,  2.702000, 14.750000, 14.766447, 16.000000,  0.000000,  0.825315,  1.743302,
149.000000,  1.743302,  7.598528, -1.784646, -0.456000,  2.230000,  2.702000, 14.806000, 14.770734, 16.000000,  0.000000,  0.825315,  1.743302,
150.000000,  1.743302,  7.598528, -2.192767, -0.443000,  2.230000,  2.702000, 14.834000, 14.778294, 16.000000,  0.000000,  0.825315,  1.743302,
151.000000,  1.746970,  7.323710, -2.537300, -0.443000,  2.230000,  2.702000, 14.806000, 14.784791, 16.000000,  0.000000,  0.825315,  1.746970,
152.000000,  1.725090,  7.297670, -2.737300, -0.651000,  2.230000,  2.702000, 14.750000, 14.783869, 16.000000,  0.000000,  0.825315,  1.725090,
153.000000,  1.453983,  7.237256, -2.698806, -0.664000,  2.229000,  2.702000, 14.750000, 14.777674, 16.000000,  0.000000,  0.824944,  1.453983,
154.000000,  1.190393,  7.222637, -2.538806, -0.430000,  2.229000,  2.702000, 14.778000, 14.772810, 16.000000,  0.000000,  0.824944,  1.190393,
155.000000,  1.064999,  7.204742, -2.228806, -0.469000,  2.229000,  2.702000, 14.806000, 14.774868, 16.000000,  0.000000,  0.824944,  1.064999,
156.000000,  0.975410,  7.193910, -1.918806, -0.482000,  2.229000,  2.702000, 14.806000, 14.780561, 16.000000,  0.000000,  0.824944,  0.975410,
157.000000,  0.975410,  7.193910, -1.638806, -0.306000,  2.229000,  2.702000, 14.834000, 14.786860, 16.000000,  0.000000,  0.824944,  0.975410,
158.000000,  0.975410,  7.193910, -1.638806, -0.299000,  2.229000,  2.702000, 14.890000, 14.801248, 16.000000,  0.000000,  0.824944,  0.975410,
159.000000,  0.975410,  7.193910, -1.718806, -0.449000,  2.229000,  2.702000, 14.862000, 14.816923, 16.000000,  0.000000,  0.824944,  0.975410,
160.000000,  0.975410,  7.193910, -2.118806, -0.488000,  2.229000,  2.702000, 14.834000, 14.822479, 16.000000,  0.000000,  0.824944,  0.975410,
161.000000,  0.946494,  7.171710, -2.518806, -0.495000,  2.229000,  2.702000, 14.806000, 14.824027, 16.000000,  0.000000,  0.824944,  0.946494,
162.000000,  0.946494,  7.171710, -2.918806, -0.475000,  2.228000,  2.702000, 14.806000, 14.820729, 16.000000,  0.000000,  0.824574,  0.946494,
163.000000,  0.946494,  7.171710,  2.960243, -0.475000,  2.228000,  2.702000, 14.806000, 14.818033, 16.000000,  0.000000,  0.824574,  0.946494,
164.000000,  0.946494,  7.171710,  2.556561, -0.482000,  2.228000,  2.702000, 14.806000, 14.815832, 16.000000,  0.000000,  0.824574,  0.946494,
165.000000,  0.946494,  7.171710,  2.156547, -0.482000,  2.228000,  2.702000, 14.806000, 14.814034, 16.000000,  0.000000,  0.824574,  0.946494,
166.000000,  0.946494,  7.171710,  1.752535, -0.482000,  2.228000,  2.702000, 14.806000, 14.812566, 16.000000,  0.000000,  0.824574,  0.946494,
167.000000,  0.922444,  7.161068,  1.532535, -0.697000,  2.228000,  2.702000, 14.750000, 14.805994, 16.000000,  0.000000,  0.824574,  0.922444,
168.000000,  1.009840,  7.348840,  1.532535, -0.684000,  2.227000,  2.702000, 14.723000, 14.791721, 16.000000,  0.000000,  0.824204,  1.009840,
169.000000,  1.116674,  7.553212,  1.634604, -0.612000,  2.227000,  2.702000, 14.723000, 14.779151, 16.000000,  0.000000,  0.824204,  1.116674,
170.000000,  1.237170,  7.819040,  1.798559, -0.710000,  2.227000,  2.702000, 14.695000, 14.768320, 16.000000,  0.000000,  0.824204,  1.237170,
171.000000,  1.304923,  8.107790,  1.876447, -0.684000,  2.227000,  2.702000, 14.695000, 14.754908, 16.000000,  0.000000,  0.824204,  1.304923,
172.000000,  1.386000,  8.413510,  2.076447, -0.677000,  2.227000,  2.702000, 14.695000, 14.743949, 16.000000,  0.000000,  0.824204,  1.386000,
173.000000,  1.392520,  8.758360,  2.280460, -0.755000,  2.227000,  2.702000, 14.695000, 14.734995, 16.000000,  0.000000,  0.824204,  1.392520,
174.000000,  1.392520,  8.758360,  1.920460, -0.482000,  2.226000,  2.702000, 14.750000, 14.736360, 16.000000,  0.000000,  0.823834,  1.392520,
175.000000,  1.392520,  8.758360,  1.512591, -0.482000,  2.226000,  2.702000, 14.778000, 14.743977, 16.000000,  0.000000,  0.823834,  1.392520,
176.000000,  1.392520,  8.758360,  1.112458, -0.488000,  2.226000,  2.702000, 14.806000, 14.751847, 16.000000,  0.000000,  0.823834,  1.392520,
177.000000,  1.392520,  8.758360,  0.712458, -0.469000,  2.226000,  2.702000, 14.806000, 14.761754, 16.000000,  0.000000,  0.823834,  1.392520,
178.000000,  1.327084,  9.043401,  0.364442, -0.482000,  2.226000,  2.702000, 14.778000, 14.766651, 16.000000,  0.000000,  0.823834,  1.327084,
179.000000,  1.348640,  9.054170,  0.044442, -0.716000,  2.226000,  2.702000, 14.750000, 14.769686, 16.000000,  0.000000,  0.823834,  1.348640,
180.000000,  1.434331,  9.037241, -0.067671, -0.690000,  2.225000,  2.702000, 14.723000, 14.763002, 16.000000,  0.000000,  0.823464,  1.434331,
181.000000,  1.713090,  8.878570, -0.438067, -0.540000,  2.225000,  2.702000, 14.750000, 14.757272, 16.000000,  0.000000,  0.823464,  1.713090,
182.000000,  1.726737,  8.872343, -0.068067, -0.482000,  2.225000,  2.702000, 14.778000, 14.758632, 16.000000,  0.000000,  0.823464,  1.726737,
183.000000,  1.741199,  8.876324,  0.271933, -0.619000,  2.225000,  2.702000, 14.778000, 14.762176, 16.000000,  0.000000,  0.823464,  1.741199,
184.000000,  1.909885,  8.789487,  0.624165, -0.488000,  2.225000,  2.702000, 14.778000, 14.765070, 16.000000,  0.000000,  0.823464,  1.909885,
185.000000,  1.912611,  8.793679,  0.994165, -0.495000,  2.225000,  2.702000, 14.778000, 14.767982, 16.000000,  0.000000,  0.823464,  1.912611,
186.000000,  1.959930,  8.786070,  1.198293, -0.319000,  2.225000,  2.702000, 14.806000, 14.770925, 16.000000,  0.000000,  0.823464,  1.959930,
187.000000,  1.959930,  8.786070,  1.198293, -0.273000,  2.225000,  2.702000, 14.862000, 14.784686, 16.000000,  0.000000,  0.823464,  1.959930,
188.000000,  1.959930,  8.786070,  1.198293, -0.319000,  2.225000,  2.702000, 14.890000, 14.802521, 16.000000,  0.000000,  0.823464,  1.959930,
189.000000,  1.959930,  8.786070,  0.792457, -0.462000,  2.224000,  2.702000, 14.834000, 14.811177, 16.000000,  0.000000,  0.823094,  1.959930,
190.000000,  1.959930,  8.786070,  0.388765, -0.462000,  2.224000,  2.702000, 14.806000, 14.813178, 16.000000,  0.000000,  0.823094,  1.959930,
191.000000,  1.970710,  8.832130, -0.011235, -0.456000,  2.224000,  2.702000, 14.806000, 14.811864, 16.000000,  0.000000,  0.823094,  1.970710,
192.000000,  1.970710,  8.832130, -0.411235, -0.462000,  2.224000,  2.702000, 14.806000, 14.810790, 16.000000,  0.000000,  0.823094,  1.970710,
193.000000,  1.970710,  8.832130, -0.811705, -0.449000,  2.224000,  2.702000, 14.806000, 14.809915, 16.000000,  0.000000,  0.823094,  1.970710,
194.000000,  1.970710,  8.832130, -1.215788, -0.469000,  2.224000,  2.702000, 14.806000, 14.809199, 16.000000,  0.000000,  0.823094,  1.970710,
195.000000,  1.977830,  8.863830, -1.481594, -0.684000,  2.224000,  2.702000, 14.750000, 14.804277, 16.000000,  0.000000,  0.823094,  1.977830,
196.000000,  2.019220,  8.668460, -1.601594, -0.677000,  2.223000,  2.702000, 14.723000, 14.790788, 16.000000,  0.000000,  0.822724,  2.019220,
