  2.000000e-01, -3.425877e-01, -3.425877e-01,  3.700000e-04
  3.000000e-01, -3.741738e-01, -7.167615e-01,  3.700000e-04
  4.000000e-01, -3.952312e-01, -1.111993e+00,  3.700000e-04
  5.000000e-01, -4.000906e-01, -1.512083e+00,  3.700000e-04
  6.000000e-01, -4.000906e-01, -1.912174e+00,  3.700000e-04
  7.000000e-01, -4.057599e-01, -2.317934e+00,  3.700000e-04
  8.000000e-01, -4.114292e-01, -2.729363e+00,  3.700000e-04
  9.000000e-01, -4.162886e-01, -3.145652e+00,  3.700000e-04
  1.000000e+00, -4.211480e-01, -3.566800e+00,  3.700000e-04
  1.100000e+00, -4.207840e-01, -3.987584e+00,  3.700000e-04
  1.200000e+00, -4.204200e-01, -4.408004e+00,  3.700000e-04
  1.300000e+00, -4.155690e-01, -4.823573e+00,  3.700000e-04
  1.400000e+00, -4.107180e-01, -5.234291e+00,  3.700000e-04
  1.500000e+00, -4.107180e-01, -5.645009e+00,  3.700000e-04
  1.600000e+00, -4.107180e-01, -6.055727e+00,  3.700000e-04
  1.700000e+00, -4.107180e-01, -6.466445e+00,  3.700000e-04
  1.800000e+00, -4.107180e-01, -6.877163e+00,  3.700000e-04
  1.900000e+00, -4.155690e-01, -7.292732e+00,  3.700000e-04
  2.000000e+00, -4.204200e-01, -7.713152e+00,  3.700000e-04
  2.100000e+00, -4.204200e-01, -8.133572e+00,  3.700000e-04
  2.200000e+00, -4.155690e-01, -8.549141e+00,  3.700000e-04
  2.300000e+00, -4.050585e-01, -8.954199e+00,  3.700000e-04
  2.400000e+00, -3.993990e-01, -9.353598e+00,  3.700000e-04
  2.500000e+00, -3.993990e-01, -9.752997e+00,  3.700000e-04
  2.600000e+00, -4.050585e-01, -1.015806e+01,  3.700000e-04
  2.700000e+00, -4.107180e-01, -1.056877e+01,  3.700000e-04
  2.800000e+00, -4.107180e-01, -1.097949e+01,  3.700000e-04
  2.900000e+00, -4.155690e-01, -1.139506e+01,  3.700000e-04
  3.000000e+00, -4.155690e-01, -1.181063e+01,  3.700000e-04
  3.100000e+00, -4.107180e-01, -1.222135e+01,  3.700000e-04
  3.200000e+00, -4.050585e-01, -1.262641e+01,  3.700000e-04
  3.300000e+00, -3.993990e-01, -1.302581e+01,  3.700000e-04
  3.400000e+00, -3.993990e-01, -1.342520e+01,  3.700000e-04
  3.500000e+00, -3.993990e-01, -1.382460e+01,  3.700000e-04
  3.600000e+00, -4.050585e-01, -1.422966e+01,  3.700000e-04
  3.700000e+00, -4.107180e-01, -1.464038e+01,  3.700000e-04
  3.800000e+00, -4.107180e-01, -1.505110e+01,  3.700000e-04
  3.900000e+00, -4.155690e-01, -1.546667e+01,  3.700000e-04
  4.000000e+00, -4.204200e-01, -1.588709e+01,  3.700000e-04
  4.100000e+00, -4.155690e-01, -1.630266e+01,  3.700000e-04
  4.200000e+00, -4.107180e-01, -1.671337e+01,  3.700000e-04
  4.300000e+00, -4.050585e-01, -1.711843e+01,  3.700000e-04
  4.400000e+00, -3.993990e-01, -1.751783e+01,  3.700000e-04
  4.500000e+00, -3.993990e-01, -1.791723e+01,  3.700000e-04
  4.600000e+00, -4.050585e-01, -1.832229e+01,  3.700000e-04
  4.700000e+00, -4.107180e-01, -1.873301e+01,  3.700000e-04
  4.800000e+00, -4.107180e-01, -1.914372e+01,  3.700000e-04
  4.900000e+00, -4.107180e-01, -1.955444e+01,  3.700000e-04
  5.000000e+00, -4.107180e-01, -1.996516e+01,  3.700000e-04
  5.100000e+00, -4.107180e-01, -2.037588e+01,  3.700000e-04
  5.200000e+00, -4.107180e-01, -2.078660e+01,  3.700000e-04
  5.300000e+00, -4.155690e-01, -2.120217e+01,  3.700000e-04
  5.400000e+00, -4.155690e-01, -2.161773e+01,  3.700000e-04
  5.500000e+00, -4.365900e-01, -2.205432e+01,  3.700000e-04
  5.600000e+00, -5.573820e-01, -2.261171e+01,  3.700000e-04
  5.700000e+00, -6.941060e-01, -2.330581e+01,  3.700000e-04
  5.800000e+00, -7.409178e-01, -2.404673e+01,  3.700000e-04
  5.900000e+00, -7.346304e-01, -2.478136e+01,  3.700000e-04
  6.000000e+00, -7.339927e-01, -2.551535e+01,  3.700000e-04
  6.100000e+00, -7.444668e-01, -2.625982e+01,  3.700000e-04
  6.200000e+00, -7.396326e-01, -2.699945e+01,  3.700000e-04
  6.300000e+00, -7.396326e-01, -2.773909e+01,  3.700000e-04
  6.400000e+00, -7.339927e-01, -2.847308e+01,  3.700000e-04
  6.500000e+00, -7.333550e-01, -2.920643e+01,  3.700000e-04
  6.600000e+00, -7.431732e-01, -2.994961e+01,  3.700000e-04
  6.700000e+00, -7.431732e-01, -3.069278e+01,  3.700000e-04
  6.800000e+00, -7.488033e-01, -3.144158e+01,  3.700000e-04
  6.900000e+00, -7.544334e-01, -3.219602e+01,  3.700000e-04
  7.000000e+00, -7.544334e-01, -3.295045e+01,  3.700000e-04
  7.100000e+00, -7.488033e-01, -3.369925e+01,  3.700000e-04
  7.200000e+00, -7.383474e-01, -3.443760e+01,  3.700000e-04
  7.300000e+00, -7.335216e-01, -3.517112e+01,  3.700000e-04
  7.400000e+00, -7.278915e-01, -3.589901e+01,  3.700000e-04
  7.500000e+00, -7.222614e-01, -3.662127e+01,  3.700000e-04
  7.600000e+00, -7.327173e-01, -3.735399e+01,  3.700000e-04
  7.700000e+00, -7.327173e-01, -3.808671e+01,  3.700000e-04
  7.800000e+00, -7.321024e-01, -3.881881e+01,  3.700000e-04
  7.900000e+00, -7.314875e-01, -3.955030e+01,  7.883000e-02
  8.000000e+00, -7.266697e-01, -4.027697e+01,  7.883000e-02
  8.100000e+00, -7.266697e-01, -4.100364e+01,  7.883000e-02
  8.200000e+00, -7.162314e-01, -4.171987e+01,  7.883000e-02
  8.300000e+00, -7.162314e-01, -4.243610e+01,  7.883000e-02
  8.400001e+00, -7.162386e-01, -4.315234e+01,  7.883000e-02
  8.500000e+00, -7.218448e-01, -4.387419e+01,  7.883000e-02
  8.600000e+00, -7.266697e-01, -4.460085e+01,  7.883000e-02
  8.700000e+00, -7.266697e-01, -4.532752e+01,  7.883000e-02
  8.800000e+00, -7.218521e-01, -4.604938e+01,  7.883000e-02
  8.900001e+00, -7.162386e-01, -4.676562e+01,  7.883000e-02
  9.000000e+00, -7.162242e-01, -4.748184e+01,  7.883000e-02
  9.100000e+00, -7.057930e-01, -4.818763e+01,  7.883000e-02
  9.200000e+00, -7.001724e-01, -4.888780e+01,  7.883000e-02
  9.300000e+00, -7.106108e-01, -4.959842e+01,  7.883000e-02
  9.400001e+00, -7.162386e-01, -5.031465e+01,  7.883000e-02
  9.500000e+00, -7.114066e-01, -5.102606e+01,  7.883000e-02
  9.600000e+00, -7.114137e-01, -5.173747e+01,  7.883000e-02
  9.700000e+00, -7.114137e-01, -5.244889e+01,  7.883000e-02
  9.800000e+00, -7.266698e-01, -5.317556e+01,  7.883000e-02
  9.900001e+00, -7.266770e-01, -5.390223e+01,  7.883000e-02
  1.000000e+01, -7.266625e-01, -5.462890e+01,  7.883000e-02
  1.010000e+01, -7.210491e-01, -5.534995e+01,  7.883000e-02
  1.020000e+01, -7.106107e-01, -5.606056e+01,  7.883000e-02
  1.030000e+01, -7.162314e-01, -5.677679e+01,  7.883000e-02
  1.040000e+01, -7.114208e-01, -5.748821e+01,  7.883000e-02
  1.050000e+01, -7.218448e-01, -5.821005e+01,  7.883000e-02
  1.060000e+01, -7.218520e-01, -5.893191e+01,  7.883000e-02
  1.070000e+01, -7.266697e-01, -5.965858e+01,  7.883000e-02
  1.080000e+01, -7.314875e-01, -6.039006e+01,  7.883000e-02
  1.090000e+01, -7.314948e-01, -6.112156e+01,  7.883000e-02
  1.100000e+01, -7.314801e-01, -6.185304e+01,  7.883000e-02
  1.110000e+01, -7.210491e-01, -6.257409e+01,  7.883000e-02
  1.120000e+01, -7.210491e-01, -6.329514e+01,  7.883000e-02
  1.130000e+01, -7.210491e-01, -6.401619e+01,  7.883000e-02
  1.140000e+01, -7.266770e-01, -6.474286e+01,  7.883000e-02
  1.150000e+01, -7.114066e-01, -6.545427e+01,  7.883000e-02
  1.160000e+01, -7.427287e-01, -6.619700e+01,  7.883000e-02
  1.170000e+01, -8.623683e-01, -6.705937e+01,  7.883000e-02
  1.180000e+01, -9.819540e-01, -6.804132e+01,  7.883000e-02
  1.190000e+01, -1.096531e+00, -6.913785e+01,  7.883000e-02
  1.200000e+01, -1.178839e+00, -7.031669e+01,  7.883000e-02
  1.210000e+01, -1.177821e+00, -7.149451e+01,  7.883000e-02
  1.220000e+01, -1.115409e+00, -7.260992e+01,  7.883000e-02
  1.230000e+01, -1.078602e+00, -7.368852e+01,  7.883000e-02
  1.240000e+01, -1.078613e+00, -7.476714e+01,  7.883000e-02
  1.250000e+01, -1.072851e+00, -7.583999e+01,  7.883000e-02
  1.260000e+01, -1.066331e+00, -7.690632e+01,  7.883000e-02
  1.270000e+01, -1.071124e+00, -7.797744e+01,  7.883000e-02
  1.280000e+01, -1.071124e+00, -7.904857e+01,  7.883000e-02
  1.290000e+01, -1.066342e+00, -8.011491e+01,  7.920100e-02
  1.300000e+01, -1.076704e+00, -8.119161e+01,  7.920100e-02
  1.310000e+01, -1.066331e+00, -8.225794e+01,  7.920100e-02
  1.320000e+01, -1.071922e+00, -8.332987e+01,  7.920100e-02
  1.330000e+01, -1.071923e+00, -8.440179e+01,  7.920100e-02
  1.340000e+01, -1.076726e+00, -8.547851e+01,  7.920100e-02
  1.350000e+01, -1.075761e+00, -8.655427e+01,  7.920100e-02
  1.360000e+01, -1.121871e+00, -8.767615e+01,  7.920100e-02
  1.370000e+01, -1.023000e+00, -8.869915e+01,  7.920100e-02
  1.380000e+01, -8.052325e-01, -8.950438e+01,  7.920100e-02
  1.390000e+01, -7.380524e-01, -9.024243e+01,  7.920100e-02
  1.400000e+01, -7.276540e-01, -9.097009e+01,  7.920100e-02
  1.410000e+01, -7.276612e-01, -9.169775e+01,  7.920100e-02
  1.420000e+01, -7.282989e-01, -9.242605e+01,  7.920100e-02
  1.430000e+01, -7.345377e-01, -9.316058e+01,  7.920100e-02
  1.440000e+01, -7.241430e-01, -9.388473e+01,  7.920100e-02
  1.450000e+01, -7.289294e-01, -9.461366e+01,  7.920100e-02
  1.460000e+01, -7.289366e-01, -9.534259e+01,  7.920100e-02
  1.470000e+01, -7.289366e-01, -9.607153e+01,  7.920100e-02
  1.480000e+01, -7.247693e-01, -9.679630e+01,  7.920100e-02
  1.490000e+01, -7.206007e-01, -9.751690e+01,  7.920100e-02
  1.500000e+01, -7.253955e-01, -9.824229e+01,  7.920100e-02
  1.510000e+01, -7.254027e-01, -9.896770e+01,  7.920100e-02
  1.520000e+01, -7.254027e-01, -9.969310e+01,  7.920100e-02
  1.530000e+01, -7.254028e-01, -1.004185e+02,  7.920100e-02
  1.540000e+01, -7.254100e-01, -1.011439e+02,  7.920100e-02
  1.550000e+01, -7.197847e-01, -1.018637e+02,  7.920100e-02
  1.560000e+01, -7.254027e-01, -1.025891e+02,  7.920100e-02
  1.570000e+01, -7.205934e-01, -1.033097e+02,  7.920100e-02
  1.580000e+01, -7.205935e-01, -1.040303e+02,  7.920100e-02
  1.590000e+01, -7.254100e-01, -1.047557e+02,  7.920100e-02
  1.600000e+01, -7.253955e-01, -1.054811e+02,  7.920100e-02
  1.610000e+01, -7.149826e-01, -1.061961e+02,  7.920100e-02
  1.620000e+01, -7.149897e-01, -1.069111e+02,  7.920100e-02
  1.630000e+01, -7.149826e-01, -1.076260e+02,  7.920100e-02
  1.640000e+01, -6.995550e-01, -1.083256e+02,  7.920100e-02
  1.650000e+01, -7.314875e-01, -1.090571e+02,  7.920100e-02
  1.660000e+01, -8.303288e-01, -1.098874e+02,  7.920100e-02
  1.670000e+01, -1.007558e+00, -1.108950e+02,  7.920100e-02
  1.680000e+01, -9.971282e-01, -1.118921e+02,  7.920100e-02
  1.690000e+01, -8.352067e-01, -1.127273e+02,  7.920100e-02
  1.700000e+01, -7.670834e-01, -1.134944e+02,  7.920100e-02
  1.710000e+01, -7.254028e-01, -1.142198e+02,  7.920100e-02
  1.720000e+01, -7.254100e-01, -1.149452e+02,  7.920100e-02
  1.730000e+01, -7.149826e-01, -1.156602e+02,  7.920100e-02
  1.740000e+01, -7.205862e-01, -1.163808e+02,  7.920100e-02
  1.750000e+01, -8.247950e-01, -1.172056e+02,  7.920100e-02
  1.760000e+01, -9.706771e-01, -1.181762e+02,  7.920100e-02
  1.770000e+01, -1.069145e+00, -1.192454e+02,  7.920100e-02
  1.780000e+01, -1.161818e+00, -1.204072e+02,  7.920100e-02
  1.790000e+01, -1.177009e+00, -1.215842e+02,  7.920100e-02
  1.800000e+01, -1.113634e+00, -1.226979e+02,  7.920100e-02
  1.810000e+01, -1.087099e+00, -1.237850e+02,  7.920100e-02
  1.820000e+01, -1.076726e+00, -1.248617e+02,  7.920100e-02
  1.830000e+01, -1.071124e+00, -1.259328e+02,  7.920100e-02
  1.840000e+01, -1.060729e+00, -1.269935e+02,  7.920100e-02
  1.850000e+01, -1.081508e+00, -1.280750e+02,  7.920100e-02
  1.860000e+01, -1.081508e+00, -1.291565e+02,  7.920100e-02
  1.870000e+01, -1.065407e+00, -1.302220e+02,  7.920100e-02
  1.880000e+01, -1.085193e+00, -1.313071e+02,  7.920100e-02
  1.890000e+01, -1.085182e+00, -1.323923e+02,  7.920100e-02
  1.900000e+01, -1.064462e+00, -1.334568e+02,  7.920100e-02
  1.910000e+01, -1.054097e+00, -1.345109e+02,  7.920100e-02
  1.920000e+01, -1.059689e+00, -1.355706e+02,  7.920100e-02
  1.930000e+01, -1.049313e+00, -1.366199e+02,  7.920100e-02
  1.940000e+01, -1.038937e+00, -1.376588e+02,  7.920100e-02
  1.950000e+01, -1.054097e+00, -1.387129e+02,  7.920100e-02
  1.960000e+01, -1.085193e+00, -1.397981e+02,  7.920100e-02
  1.970000e+01, -1.080420e+00, -1.408785e+02,  7.920100e-02
  1.980000e+01, -1.059678e+00, -1.419382e+02,  7.920100e-02
  1.990000e+01, -1.080398e+00, -1.430186e+02,  7.920100e-02
  2.000000e+01, -1.064462e+00, -1.440831e+02,  7.957100e-02
  2.010000e+01, -1.017419e+00, -1.451005e+02,  7.957100e-02
  2.020000e+01, -9.185564e-01, -1.460191e+02,  7.957100e-02
  2.030000e+01, -8.356228e-01, -1.468547e+02,  7.957100e-02
  2.040000e+01, -8.315598e-01, -1.476862e+02,  7.957100e-02
  2.050000e+01, -8.370900e-01, -1.485233e+02,  7.957100e-02
  2.060000e+01, -8.418825e-01, -1.493652e+02,  7.957100e-02
  2.070000e+01, -8.370984e-01, -1.502023e+02,  7.957100e-02
  2.080000e+01, -8.267063e-01, -1.510290e+02,  7.957100e-02
  2.090000e+01, -8.211068e-01, -1.518501e+02,  7.957100e-02
  2.100000e+01, -8.211150e-01, -1.526712e+02,  7.957100e-02
  2.110000e+01, -8.059388e-01, -1.534772e+02,  7.957100e-02
  2.120000e+01, -6.667480e-01, -1.541439e+02,  7.957100e-02
  2.130000e+01, -5.000938e-01, -1.546440e+02,  7.957100e-02
  2.140000e+01, -4.476707e-01, -1.550917e+02,  7.957100e-02
  2.150000e+01, -4.328370e-01, -1.555245e+02,  7.957100e-02
  2.160000e+01, -4.280277e-01, -1.559525e+02,  7.957100e-02
  2.170000e+01, -4.284058e-01, -1.563810e+02,  7.957100e-02
  2.180000e+01, -4.287753e-01, -1.568097e+02,  7.957100e-02
  2.190000e+01, -4.231504e-01, -1.572329e+02,  7.957100e-02
  2.200000e+01, -4.127163e-01, -1.576456e+02,  7.957100e-02
  2.210000e+01, -4.082415e-01, -1.580538e+02,  7.957100e-02
  2.220000e+01, -4.085885e-01, -1.584624e+02,  7.957100e-02
  2.230000e+01, -4.085844e-01, -1.588710e+02,  7.957100e-02
  2.240000e+01, -4.134061e-01, -1.592844e+02,  7.957100e-02
  2.250000e+01, -4.182360e-01, -1.597027e+02,  7.957100e-02
  2.260000e+01, -4.182360e-01, -1.601209e+02,  7.957100e-02
  2.270000e+01, -4.182402e-01, -1.605391e+02,  7.957100e-02
  2.280000e+01, -4.186000e-01, -1.609577e+02,  7.957100e-02
  2.290000e+01, -4.189598e-01, -1.613767e+02,  7.957100e-02
  2.300000e+01, -4.141298e-01, -1.617908e+02,  7.957100e-02
  2.310000e+01, -4.092956e-01, -1.622001e+02,  7.957100e-02
  2.320000e+01, -4.092997e-01, -1.626094e+02,  7.957100e-02
  2.330000e+01, -4.568319e-01, -1.630662e+02,  7.957100e-02
  2.340000e+01, -5.876441e-01, -1.636539e+02,  7.957100e-02
  2.350000e+01, -7.126098e-01, -1.643665e+02,  7.957100e-02
  2.360000e+01, -7.439775e-01, -1.651105e+02,  7.957100e-02
  2.370000e+01, -7.335289e-01, -1.658440e+02,  7.957100e-02
  2.380000e+01, -7.383474e-01, -1.665824e+02,  7.957100e-02
  2.390000e+01, -7.320951e-01, -1.673144e+02,  7.957100e-02
  2.400000e+01, -7.371081e-01, -1.680516e+02,  7.957100e-02
  2.410000e+01, -7.322904e-01, -1.687838e+02,  7.957100e-02
  2.420000e+01, -7.266770e-01, -1.695105e+02,  7.957100e-02
  2.430000e+01, -7.314875e-01, -1.702420e+02,  7.957100e-02
  2.440000e+01, -7.266625e-01, -1.709687e+02,  7.957100e-02
  2.450000e+01, -7.371081e-01, -1.717058e+02,  7.957100e-02
  2.460000e+01, -7.314875e-01, -1.724373e+02,  7.957100e-02
  2.470000e+01, -7.314948e-01, -1.731688e+02,  7.957100e-02
  2.480000e+01, -7.314875e-01, -1.739003e+02,  7.957100e-02
  2.490000e+01, -7.308424e-01, -1.746311e+02,  7.957100e-02
  2.500000e+01, -7.254028e-01, -1.753565e+02,  7.957100e-02
  2.510000e+01, -7.149826e-01, -1.760715e+02,  7.957100e-02
  2.520000e+01, -7.093788e-01, -1.767809e+02,  7.957100e-02
  2.530000e+01, -7.093718e-01, -1.774902e+02,  7.957100e-02
  2.540000e+01, -7.149755e-01, -1.782052e+02,  7.957100e-02
  2.550000e+01, -7.205935e-01, -1.789258e+02,  7.957100e-02
  2.560000e+01, -7.310136e-01, -1.796568e+02,  7.957100e-02
  2.570000e+01, -7.310209e-01, -1.803878e+02,  7.957100e-02
  2.580000e+01, -7.310136e-01, -1.811188e+02,  7.957100e-02
  2.590000e+01, -7.253955e-01, -1.818442e+02,  7.957100e-02
  2.600000e+01, -7.254028e-01, -1.825696e+02,  7.957100e-02
  2.610000e+01, -7.205935e-01, -1.832902e+02,  7.957100e-02
  2.620000e+01, -7.254100e-01, -1.840156e+02,  7.957100e-02
  2.630000e+01, -7.197919e-01, -1.847354e+02,  7.957100e-02
  2.640000e+01, -7.197847e-01, -1.854552e+02,  7.957100e-02
  2.650000e+01, -7.254028e-01, -1.861806e+02,  7.957100e-02
  2.660000e+01, -7.149826e-01, -1.868956e+02,  7.957100e-02
  2.670000e+01, -7.197991e-01, -1.876154e+02,  7.957100e-02
  2.680000e+01, -7.197919e-01, -1.883352e+02,  7.957100e-02
  2.690000e+01, -7.253955e-01, -1.890606e+02,  7.957100e-02
  2.700000e+01, -7.205935e-01, -1.897812e+02,  7.957100e-02
  2.710000e+01, -7.254028e-01, -1.905066e+02,  7.957100e-02
  2.720000e+01, -7.149897e-01, -1.912216e+02,  7.957100e-02
  2.730000e+01, -7.254028e-01, -1.919470e+02,  7.957100e-02
  2.740000e+01, -8.608561e-01, -1.928078e+02,  7.957100e-02
  2.750000e+01, -1.017080e+00, -1.938249e+02,  7.957100e-02
  2.760000e+01, -1.099406e+00, -1.949243e+02,  7.994100e-02
  2.770000e+01, -1.165610e+00, -1.960899e+02,  7.994100e-02
  2.780000e+01, -1.174961e+00, -1.972649e+02,  7.994100e-02
  2.790000e+01, -1.123031e+00, -1.983879e+02,  7.994100e-02
  2.800000e+01, -1.091891e+00, -1.994798e+02,  7.994100e-02
  2.810000e+01, -1.081508e+00, -2.005613e+02,  7.994100e-02
  2.820000e+01, -1.075782e+00, -2.016371e+02,  7.994100e-02
  2.830000e+01, -1.080409e+00, -2.027175e+02,  7.994100e-02
  2.840000e+01, -1.085182e+00, -2.038027e+02,  7.994100e-02
  2.850000e+01, -1.089977e+00, -2.048927e+02,  7.994100e-02
  2.860000e+01, -1.089977e+00, -2.059827e+02,  7.994100e-02
  2.870000e+01, -1.085204e+00, -2.070679e+02,  7.994100e-02
  2.880000e+01, -1.085193e+00, -2.081531e+02,  7.994100e-02
  2.890000e+01, -1.069236e+00, -2.092223e+02,  7.994100e-02
  2.900000e+01, -1.058881e+00, -2.102812e+02,  7.994100e-02
  2.910000e+01, -1.079612e+00, -2.113608e+02,  7.994100e-02
  2.920000e+01, -1.078675e+00, -2.124395e+02,  7.994100e-02
  2.930000e+01, -1.062593e+00, -2.135021e+02,  7.994100e-02
  2.940000e+01, -1.088849e+00, -2.145909e+02,  7.994100e-02
  2.950000e+01, -1.083288e+00, -2.156742e+02,  7.994100e-02
  2.960000e+01, -1.067369e+00, -2.167416e+02,  7.994100e-02
  2.970000e+01, -1.098422e+00, -2.178400e+02,  7.994100e-02
  2.980000e+01, -1.098411e+00, -2.189384e+02,  7.994100e-02
  2.990000e+01, -1.072930e+00, -2.200113e+02,  7.994100e-02
  3.000000e+01, -1.062593e+00, -2.210739e+02,  7.994100e-02
  3.010000e+01, -1.062593e+00, -2.221365e+02,  7.994100e-02
  3.020000e+01, -9.392597e-01, -2.230758e+02,  7.994100e-02
  3.030000e+01, -8.204732e-01, -2.238962e+02,  7.994100e-02
  3.040000e+01, -8.874417e-01, -2.247837e+02,  7.994100e-02
  3.050000e+01, -9.655909e-01, -2.257493e+02,  7.994100e-02
  3.060000e+01, -1.043731e+00, -2.267930e+02,  7.994100e-02
  3.070000e+01, -1.161527e+00, -2.279545e+02,  7.994100e-02
  3.080000e+01, -1.181190e+00, -2.291357e+02,  7.994100e-02
  3.090000e+01, -1.108747e+00, -2.302445e+02,  7.994100e-02
  3.100000e+01, -1.077716e+00, -2.313222e+02,  7.994100e-02
  3.110000e+01, -1.072941e+00, -2.323951e+02,  7.994100e-02
  3.120000e+01, -1.052256e+00, -2.334474e+02,  7.994100e-02
  3.130000e+01, -1.041899e+00, -2.344893e+02,  7.994100e-02
  3.140000e+01, -1.078501e+00, -2.355678e+02,  7.994100e-02
  3.150000e+01, -1.093635e+00, -2.366614e+02,  7.994100e-02
  3.160000e+01, -1.098411e+00, -2.377598e+02,  7.994100e-02
  3.170000e+01, -1.093646e+00, -2.388535e+02,  7.994100e-02
  3.180000e+01, -1.068165e+00, -2.399216e+02,  7.994100e-02
  3.190000e+01, -1.072930e+00, -2.409946e+02,  7.994100e-02
  3.200000e+01, -1.067369e+00, -2.420619e+02,  7.994100e-02
  3.210000e+01, -1.057043e+00, -2.431190e+02,  7.994100e-02
  3.220000e+01, -1.072930e+00, -2.441919e+02,  7.994100e-02
  3.230000e+01, -1.078491e+00, -2.452704e+02,  7.994100e-02
  3.240000e+01, -1.078545e+00, -2.463489e+02,  7.994100e-02
  3.250000e+01, -1.072919e+00, -2.474219e+02,  7.994100e-02
  3.260000e+01, -1.067390e+00, -2.484893e+02,  7.994100e-02
  3.270000e+01, -1.067358e+00, -2.495566e+02,  7.994100e-02
  3.280000e+01, -1.057000e+00, -2.506136e+02,  7.994100e-02
  3.290000e+01, -1.057053e+00, -2.516707e+02,  7.994100e-02
  3.300000e+01, -1.057000e+00, -2.527277e+02,  7.994100e-02
  3.310000e+01, -1.057043e+00, -2.537847e+02,  7.994100e-02
  3.320000e+01, -1.046664e+00, -2.548314e+02,  7.994100e-02
  3.330000e+01, -1.057000e+00, -2.558884e+02,  7.994100e-02
  3.340000e+01, -1.062625e+00, -2.569510e+02,  7.994100e-02
  3.350000e+01, -1.057796e+00, -2.580088e+02,  8.031100e-02
  3.360000e+01, -1.082391e+00, -2.590912e+02,  8.031100e-02
  3.370000e+01, -9.575015e-01, -2.600487e+02,  8.031100e-02
  3.380000e+01, -7.768317e-01, -2.608255e+02,  8.031100e-02
  3.390000e+01, -7.307040e-01, -2.615562e+02,  8.031100e-02
  3.400000e+01, -7.313101e-01, -2.622875e+02,  8.031100e-02
  3.410000e+01, -7.367661e-01, -2.630243e+02,  8.031100e-02
  3.420000e+01, -7.263786e-01, -2.637507e+02,  8.031100e-02
  3.430000e+01, -7.263713e-01, -2.644771e+02,  8.031100e-02
  3.440000e+01, -7.319893e-01, -2.652090e+02,  8.031100e-02
  3.450000e+01, -7.278070e-01, -2.659368e+02,  8.031100e-02
  3.460000e+01, -7.284746e-01, -2.666653e+02,  8.031100e-02
  3.470000e+01, -7.228615e-01, -2.673882e+02,  8.031100e-02
  3.480000e+01, -7.172632e-01, -2.681054e+02,  8.031100e-02
  3.490000e+01, -7.172990e-01, -2.688227e+02,  8.031100e-02
  3.500000e+01, -7.124708e-01, -2.695352e+02,  8.031100e-02
  3.510000e+01, -7.124992e-01, -2.702477e+02,  8.031100e-02
  3.520000e+01, -7.172703e-01, -2.709650e+02,  8.031100e-02
  3.530000e+01, -7.178917e-01, -2.716829e+02,  8.031100e-02
  3.540000e+01, -7.241575e-01, -2.724070e+02,  8.031100e-02
  3.550000e+01, -7.241213e-01, -2.731312e+02,  8.031100e-02
  3.560000e+01, -7.185491e-01, -2.738497e+02,  8.031100e-02
  3.570000e+01, -7.137267e-01, -2.745634e+02,  8.031100e-02
  3.580000e+01, -7.137195e-01, -2.752772e+02,  8.031100e-02
  3.590000e+01, -7.185563e-01, -2.759957e+02,  8.031100e-02
  3.600000e+01, -7.081186e-01, -2.767038e+02,  8.031100e-02
  3.610000e+01, -7.033459e-01, -2.774072e+02,  8.031100e-02
  3.620000e+01, -7.033248e-01, -2.781105e+02,  8.031100e-02
  3.630000e+01, -6.929160e-01, -2.788034e+02,  8.031100e-02
  3.640000e+01, -7.137552e-01, -2.795172e+02,  8.031100e-02
  3.650000e+01, -8.177369e-01, -2.803349e+02,  8.031100e-02
  3.660000e+01, -9.945357e-01, -2.813294e+02,  8.031100e-02
  3.670000e+01, -9.776602e-01, -2.823071e+02,  8.031100e-02
  3.680000e+01, -8.163062e-01, -2.831234e+02,  8.031100e-02
  3.690000e+01, -7.492500e-01, -2.838727e+02,  8.031100e-02
  3.700000e+01, -7.290838e-01, -2.846017e+02,  8.031100e-02
  3.710000e+01, -7.033459e-01, -2.853051e+02,  8.031100e-02
  3.720000e+01, -7.282917e-01, -2.860334e+02,  8.031100e-02
  3.730000e+01, -8.418657e-01, -2.868752e+02,  8.031100e-02
  3.740000e+01, -9.513398e-01, -2.878266e+02,  8.031100e-02
  3.750000e+01, -1.035159e+00, -2.888617e+02,  8.031100e-02
  3.760000e+01, -1.143629e+00, -2.900054e+02,  8.031100e-02
  3.770000e+01, -1.152957e+00, -2.911583e+02,  8.031100e-02
  3.780000e+01, -1.080388e+00, -2.922387e+02,  8.031100e-02
  3.790000e+01, -1.054128e+00, -2.932928e+02,  8.031100e-02
  3.800000e+01, -1.043710e+00, -2.943366e+02,  8.031100e-02
  3.810000e+01, -1.048412e+00, -2.953850e+02,  8.031100e-02
  3.820000e+01, -1.047460e+00, -2.964324e+02,  8.031100e-02
  3.830000e+01, -1.057796e+00, -2.974902e+02,  8.031100e-02
  3.840000e+01, -1.052277e+00, -2.985425e+02,  8.031100e-02
  3.850000e+01, -1.036306e+00, -2.995788e+02,  8.031100e-02
  3.860000e+01, -1.067390e+00, -3.006462e+02,  8.031100e-02
  3.870000e+01, -1.062583e+00, -3.017088e+02,  8.031100e-02
  3.880000e+01, -1.031531e+00, -3.027403e+02,  8.031100e-02
  3.890000e+01, -1.046706e+00, -3.037870e+02,  8.031100e-02
  3.900000e+01, -1.036306e+00, -3.048233e+02,  8.031100e-02
  3.910000e+01, -1.036348e+00, -3.058597e+02,  8.031100e-02
  3.920000e+01, -1.052235e+00, -3.069119e+02,  8.031100e-02
  3.930000e+01, -1.057796e+00, -3.079697e+02,  8.031100e-02
  3.940000e+01, -1.057849e+00, -3.090276e+02,  8.068100e-02
  3.950000e+01, -1.047449e+00, -3.100750e+02,  8.068100e-02
  3.960000e+01, -1.037144e+00, -3.111121e+02,  8.068100e-02
  3.970000e+01, -1.026765e+00, -3.121389e+02,  8.068100e-02
  3.980000e+01, -1.052225e+00, -3.131911e+02,  8.068100e-02
  3.990000e+01, -9.742720e-01, -3.141654e+02,  8.068100e-02
  4.000000e+01, -8.651803e-01, -3.150306e+02,  8.068100e-02
  4.010000e+01, -8.389481e-01, -3.158695e+02,  8.068100e-02
  4.020000e+01, -8.182284e-01, -3.166878e+02,  8.068100e-02
  4.030000e+01, -8.237918e-01, -3.175116e+02,  8.068100e-02
  4.040000e+01, -8.245575e-01, -3.183361e+02,  8.068100e-02
  4.050000e+01, -8.148754e-01, -3.191510e+02,  8.068100e-02
  4.060000e+01, -8.045422e-01, -3.199555e+02,  8.068100e-02
  4.070000e+01, -8.045181e-01, -3.207600e+02,  8.068100e-02
  4.080000e+01, -7.893607e-01, -3.215494e+02,  8.068100e-02
  4.090000e+01, -7.168392e-01, -3.222662e+02,  8.068100e-02
  4.100000e+01, -6.392253e-01, -3.229055e+02,  8.068100e-02
  4.110000e+01, -5.775078e-01, -3.234830e+02,  8.068100e-02
  4.120000e+01, -5.151886e-01, -3.239982e+02,  8.068100e-02
  4.130000e+01, -4.788610e-01, -3.244770e+02,  8.068100e-02
  4.140000e+01, -4.689020e-01, -3.249459e+02,  8.068100e-02
  4.150000e+01, -4.632776e-01, -3.254092e+02,  8.068100e-02
  4.160000e+01, -4.528940e-01, -3.258621e+02,  8.068100e-02
  4.170000e+01, -4.484715e-01, -3.263106e+02,  8.068100e-02
  4.180000e+01, -4.488590e-01, -3.267594e+02,  8.068100e-02
  4.190000e+01, -4.488815e-01, -3.272083e+02,  8.068100e-02
  4.200000e+01, -4.488590e-01, -3.276572e+02,  8.068100e-02
  4.210000e+01, -4.536864e-01, -3.281109e+02,  8.068100e-02
  4.220000e+01, -4.584820e-01, -3.285693e+02,  8.068100e-02
  4.230000e+01, -4.584774e-01, -3.290278e+02,  8.068100e-02
  4.240000e+01, -4.589008e-01, -3.294867e+02,  8.068100e-02
  4.250000e+01, -4.544606e-01, -3.299412e+02,  8.068100e-02
  4.260000e+01, -4.496610e-01, -3.303908e+02,  8.068100e-02
  4.270000e+01, -4.544652e-01, -3.308453e+02,  8.068100e-02
  4.280000e+01, -4.544606e-01, -3.312998e+02,  8.068100e-02
  4.290000e+01, -5.018588e-01, -3.318016e+02,  8.068100e-02
  4.300000e+01, -6.166533e-01, -3.324183e+02,  8.068100e-02
  4.310000e+01, -7.260508e-01, -3.331443e+02,  8.068100e-02
  4.320000e+01, -7.670757e-01, -3.339114e+02,  8.068100e-02
  4.330000e+01, -7.670680e-01, -3.346785e+02,  8.068100e-02
  4.340000e+01, -7.671064e-01, -3.354456e+02,  8.068100e-02
  4.350000e+01, -7.566481e-01, -3.362022e+02,  8.068100e-02
  4.360000e+01, -7.566783e-01, -3.369589e+02,  8.068100e-02
  4.370000e+01, -7.559948e-01, -3.377149e+02,  8.068100e-02
  4.380000e+01, -7.553265e-01, -3.384702e+02,  8.068100e-02
  4.390000e+01, -7.553643e-01, -3.392256e+02,  8.068100e-02
  4.400000e+01, -7.609274e-01, -3.399865e+02,  8.068100e-02
  4.410000e+01, -7.609579e-01, -3.407475e+02,  8.068100e-02
  4.420000e+01, -7.553340e-01, -3.415028e+02,  8.068100e-02
  4.430000e+01, -7.657282e-01, -3.422685e+02,  8.068100e-02
  4.440000e+01, -7.553643e-01, -3.430239e+02,  8.068100e-02
  4.450000e+01, -7.497256e-01, -3.437736e+02,  8.068100e-02
  4.460000e+01, -7.497555e-01, -3.445234e+02,  8.068100e-02
  4.470000e+01, -7.449322e-01, -3.452683e+02,  8.068100e-02
  4.480000e+01, -7.449248e-01, -3.460132e+02,  8.068100e-02
  4.490000e+01, -7.449620e-01, -3.467582e+02,  8.068100e-02
  4.500000e+01, -7.553265e-01, -3.475135e+02,  8.068100e-02
  4.510000e+01, -7.601577e-01, -3.482737e+02,  8.068100e-02
  4.520000e+01, -7.601349e-01, -3.490338e+02,  8.068100e-02
  4.530000e+01, -7.594623e-01, -3.497933e+02,  8.068100e-02
  4.540000e+01, -7.595003e-01, -3.505528e+02,  8.068100e-02
  4.550000e+01, -7.546657e-01, -3.513075e+02,  8.068100e-02
  4.560000e+01, -7.492425e-01, -3.520567e+02,  8.068100e-02
  4.570000e+01, -7.442805e-01, -3.528010e+02,  8.068100e-02
  4.580000e+01, -7.386770e-01, -3.535397e+02,  8.068100e-02
  4.590000e+01, -7.436586e-01, -3.542833e+02,  8.068100e-02
  4.600000e+01, -7.540049e-01, -3.550373e+02,  8.068100e-02
  4.610000e+01, -7.588277e-01, -3.557961e+02,  8.068100e-02
  4.620000e+01, -7.588049e-01, -3.565549e+02,  8.068100e-02
  4.630000e+01, -7.587973e-01, -3.573137e+02,  8.068100e-02
  4.640000e+01, -7.540426e-01, -3.580678e+02,  8.068100e-02
  4.650000e+01, -7.492125e-01, -3.588170e+02,  8.068100e-02
  4.660000e+01, -7.492425e-01, -3.595662e+02,  8.068100e-02
  4.670000e+01, -7.540125e-01, -3.603203e+02,  8.068100e-02
  4.680000e+01, -7.484138e-01, -3.610687e+02,  8.068100e-02
  4.690000e+01, -7.436586e-01, -3.618123e+02,  8.068100e-02
  4.700000e+01, -7.747720e-01, -3.625871e+02,  8.068100e-02
  4.710000e+01, -8.730512e-01, -3.634602e+02,  8.068100e-02
  4.720000e+01, -1.002341e+00, -3.644625e+02,  8.068100e-02
  4.730000e+01, -1.105902e+00, -3.655684e+02,  8.068100e-02
  4.740000e+01, -1.198198e+00, -3.667666e+02,  8.068100e-02
  4.750000e+01, -1.191513e+00, -3.679581e+02,  8.068100e-02
  4.760000e+01, -1.135047e+00, -3.690932e+02,  8.068100e-02
  4.770000e+01, -1.103972e+00, -3.701971e+02,  8.068100e-02
  4.780000e+01, -1.088042e+00, -3.712852e+02,  8.068100e-02
  4.790000e+01, -1.088096e+00, -3.723733e+02,  8.105100e-02
  4.800000e+01, -1.113363e+00, -3.734866e+02,  8.105100e-02
  4.810000e+01, -1.128355e+00, -3.746150e+02,  8.105100e-02
  4.820000e+01, -1.112429e+00, -3.757274e+02,  8.105100e-02
  4.830000e+01, -1.122747e+00, -3.768502e+02,  8.105100e-02
  4.840000e+01, -1.107706e+00, -3.779579e+02,  8.105100e-02
  4.850000e+01, -1.097321e+00, -3.790552e+02,  8.105100e-02
  4.860000e+01, -1.102132e+00, -3.801573e+02,  8.105100e-02
  4.870000e+01, -1.086207e+00, -3.812435e+02,  8.105100e-02
  4.880000e+01, -1.081429e+00, -3.823250e+02,  8.105100e-02
  4.890000e+01, -1.107706e+00, -3.834327e+02,  8.105100e-02
  4.900000e+01, -1.107650e+00, -3.845403e+02,  8.105100e-02
  4.910000e+01, -1.107695e+00, -3.856480e+02,  8.105100e-02
  4.920000e+01, -1.102099e+00, -3.867501e+02,  8.105100e-02
  4.930000e+01, -1.086196e+00, -3.878363e+02,  8.105100e-02
  4.940000e+01, -1.091813e+00, -3.889281e+02,  8.105100e-02
  4.950000e+01, -1.086991e+00, -3.900151e+02,  8.105100e-02
  4.960000e+01, -1.096398e+00, -3.911115e+02,  8.105100e-02
  4.970000e+01, -9.923651e-01, -3.921039e+02,  8.105100e-02
  4.980000e+01, -8.788100e-01, -3.929827e+02,  8.105100e-02
  4.990000e+01, -9.201744e-01, -3.939028e+02,  8.105100e-02
  5.000000e+01, -9.876680e-01, -3.948905e+02,  8.105100e-02
  5.010000e+01, -1.050482e+00, -3.959410e+02,  8.105100e-02
  5.020000e+01, -1.148980e+00, -3.970900e+02,  8.105100e-02
  5.030000e+01, -1.179957e+00, -3.982699e+02,  8.105100e-02
  5.040000e+01, -1.133134e+00, -3.994031e+02,  8.105100e-02
  5.050000e+01, -1.112418e+00, -4.005155e+02,  8.105100e-02
  5.060000e+01, -1.091802e+00, -4.016073e+02,  8.105100e-02
  5.070000e+01, -1.091769e+00, -4.026991e+02,  8.105100e-02
  5.080000e+01, -1.090797e+00, -4.037899e+02,  8.105100e-02
  5.090000e+01, -1.074973e+00, -4.048648e+02,  8.105100e-02
  5.100000e+01, -1.081429e+00, -4.059463e+02,  8.105100e-02
  5.110000e+01, -1.106719e+00, -4.070530e+02,  8.105100e-02
  5.120000e+01, -1.106686e+00, -4.081597e+02,  8.105100e-02
  5.130000e+01, -1.086033e+00, -4.092457e+02,  8.105100e-02
  5.140000e+01, -1.079578e+00, -4.103253e+02,  8.105100e-02
  5.150000e+01, -1.084283e+00, -4.114096e+02,  8.105100e-02
  5.160000e+01, -1.079567e+00, -4.124891e+02,  8.105100e-02
  5.170000e+01, -1.095398e+00, -4.135845e+02,  8.105100e-02
  5.180000e+01, -1.095387e+00, -4.146799e+02,  8.105100e-02
  5.190000e+01, -1.074818e+00, -4.157547e+02,  8.105100e-02
  5.200000e+01, -1.100146e+00, -4.168549e+02,  8.105100e-02
  5.210000e+01, -1.089879e+00, -4.179448e+02,  8.105100e-02
  5.220000e+01, -1.064464e+00, -4.190092e+02,  8.105100e-02
  5.230000e+01, -1.085076e+00, -4.200943e+02,  8.105100e-02
  5.240000e+01, -1.079578e+00, -4.211739e+02,  8.105100e-02
  5.250000e+01, -1.058901e+00, -4.222328e+02,  8.142100e-02
  5.260000e+01, -1.079567e+00, -4.233123e+02,  8.142100e-02
  5.270000e+01, -1.094605e+00, -4.244069e+02,  8.142100e-02
  5.280000e+01, -1.084283e+00, -4.254912e+02,  8.142100e-02
  5.290000e+01, -1.094649e+00, -4.265859e+02,  8.142100e-02
  5.300000e+01, -1.094594e+00, -4.276805e+02,  8.142100e-02
  5.310000e+01, -1.084326e+00, -4.287648e+02,  8.142100e-02
  5.320000e+01, -9.764872e-01, -4.297413e+02,  8.142100e-02
  5.330000e+01, -8.065029e-01, -4.305478e+02,  8.142100e-02
  5.340000e+01, -7.501249e-01, -4.312979e+02,  8.142100e-02
  5.350000e+01, -7.453199e-01, -4.320432e+02,  8.142100e-02
  5.360000e+01, -7.507546e-01, -4.327940e+02,  8.142100e-02
  5.370000e+01, -7.617165e-01, -4.335557e+02,  8.142100e-02
  5.380000e+01, -7.672805e-01, -4.343230e+02,  8.142100e-02
  5.390000e+01, -7.720947e-01, -4.350951e+02,  8.142100e-02
  5.400000e+01, -7.720561e-01, -4.358671e+02,  8.142100e-02
  5.410000e+01, -7.673111e-01, -4.366344e+02,  8.142100e-02
  5.420000e+01, -7.727428e-01, -4.374072e+02,  8.142100e-02
  5.430000e+01, -7.678327e-01, -4.381750e+02,  8.142100e-02
  5.440000e+01, -7.678711e-01, -4.389429e+02,  8.142100e-02
  5.450000e+01, -7.630487e-01, -4.397059e+02,  8.142100e-02
  5.460000e+01, -7.582950e-01, -4.404642e+02,  8.142100e-02
  5.470000e+01, -7.582723e-01, -4.412225e+02,  8.142100e-02
  5.480000e+01, -7.478993e-01, -4.419704e+02,  8.142100e-02
  5.490000e+01, -7.527210e-01, -4.427231e+02,  8.142100e-02
  5.500000e+01, -7.526833e-01, -4.434758e+02,  8.142100e-02
  5.510000e+01, -7.582950e-01, -4.442341e+02,  8.142100e-02
  5.520000e+01, -7.582723e-01, -4.449924e+02,  8.142100e-02
  5.530000e+01, -7.582647e-01, -4.457506e+02,  8.142100e-02
  5.540000e+01, -7.583026e-01, -4.465089e+02,  8.142100e-02
  5.550000e+01, -7.526833e-01, -4.472616e+02,  8.142100e-02
  5.560000e+01, -7.527135e-01, -4.480143e+02,  8.142100e-02
  5.570000e+01, -7.479068e-01, -4.487622e+02,  8.142100e-02
  5.580000e+01, -7.375340e-01, -4.494998e+02,  8.142100e-02
  5.590000e+01, -7.734527e-01, -4.502732e+02,  8.142100e-02
  5.600000e+01, -8.818515e-01, -4.511551e+02,  8.142100e-02
  5.610000e+01, -9.911259e-01, -4.521462e+02,  8.142100e-02
  5.620000e+01, -1.054086e+00, -4.532003e+02,  8.142100e-02
  5.630000e+01, -9.655715e-01, -4.541659e+02,  8.142100e-02
  5.640000e+01, -8.252820e-01, -4.549911e+02,  8.142100e-02
  5.650000e+01, -7.686300e-01, -4.557598e+02,  8.142100e-02
  5.660000e+01, -7.527135e-01, -4.565125e+02,  8.142100e-02
  5.670000e+01, -7.367440e-01, -4.572492e+02,  8.142100e-02
  5.680000e+01, -7.526833e-01, -4.580019e+02,  8.142100e-02
  5.690000e+01, -8.563796e-01, -4.588583e+02,  8.142100e-02
  5.700000e+01, -1.001452e+00, -4.598598e+02,  8.142100e-02
  5.710000e+01, -1.115332e+00, -4.609751e+02,  8.142100e-02
  5.720000e+01, -1.186750e+00, -4.621618e+02,  8.142100e-02
  5.730000e+01, -1.186738e+00, -4.633486e+02,  8.142100e-02
  5.740000e+01, -1.144435e+00, -4.644930e+02,  8.142100e-02
  5.750000e+01, -1.122747e+00, -4.656158e+02,  8.142100e-02
  5.760000e+01, -1.097365e+00, -4.667131e+02,  8.142100e-02
  5.770000e+01, -1.076672e+00, -4.677898e+02,  8.142100e-02
  5.780000e+01, -1.081429e+00, -4.688712e+02,  8.142100e-02
  5.790000e+01, -1.075921e+00, -4.699471e+02,  8.142100e-02
  5.800000e+01, -1.091759e+00, -4.710389e+02,  8.142100e-02
  5.810000e+01, -1.097365e+00, -4.721363e+02,  8.142100e-02
  5.820000e+01, -1.071110e+00, -4.732074e+02,  8.142100e-02
  5.830000e+01, -1.091759e+00, -4.742991e+02,  8.142100e-02
  5.840000e+01, -1.097376e+00, -4.753965e+02,  8.142100e-02
  5.850000e+01, -1.071099e+00, -4.764676e+02,  8.142100e-02
  5.860000e+01, -1.059878e+00, -4.775275e+02,  8.142100e-02
  5.870000e+01, -1.074775e+00, -4.786023e+02,  8.142100e-02
  5.880000e+01, -1.069212e+00, -4.796715e+02,  8.142100e-02
  5.890000e+01, -1.053401e+00, -4.807249e+02,  8.142100e-02
  5.900000e+01, -1.058901e+00, -4.817838e+02,  8.142100e-02
  5.910000e+01, -1.100190e+00, -4.828840e+02,  8.142100e-02
  5.920000e+01, -1.100157e+00, -4.839841e+02,  8.142100e-02
  5.930000e+01, -1.038278e+00, -4.850224e+02,  8.142100e-02
  5.940000e+01, -9.399702e-01, -4.859624e+02,  8.179100e-02
  5.950000e+01, -8.581887e-01, -4.868206e+02,  8.179100e-02
  5.960000e+01, -8.486498e-01, -4.876692e+02,  8.179100e-02
  5.970000e+01, -8.430622e-01, -4.885123e+02,  8.179100e-02
  5.980000e+01, -8.430537e-01, -4.893553e+02,  8.179100e-02
  5.990000e+01, -8.589884e-01, -4.902143e+02,  8.179100e-02
  6.000000e+01, -8.692750e-01, -4.910836e+02,  8.179100e-02
  6.010000e+01, -8.740775e-01, -4.919577e+02,  8.179100e-02
  6.020000e+01, -8.843810e-01, -4.928420e+02,  8.179100e-02
  6.030000e+01, -7.817397e-01, -4.936238e+02,  8.179100e-02
  6.040000e+01, -6.009603e-01, -4.942247e+02,  8.179100e-02
  6.050000e+01, -4.923199e-01, -4.947171e+02,  8.179100e-02
  6.060000e+01, -4.457276e-01, -4.951628e+02,  8.179100e-02
  6.070000e+01, -4.249833e-01, -4.955878e+02,  8.179100e-02
  6.080000e+01, -4.149777e-01, -4.960028e+02,  8.179100e-02
  6.090000e+01, -4.153625e-01, -4.964181e+02,  8.179100e-02
  6.100000e+01, -4.209328e-01, -4.968390e+02,  8.179100e-02
  6.110000e+01, -4.269148e-01, -4.972660e+02,  8.179100e-02
  6.120000e+01, -4.272758e-01, -4.976932e+02,  8.179100e-02
  6.130000e+01, -4.272716e-01, -4.981205e+02,  8.179100e-02
  6.140000e+01, -4.216917e-01, -4.985422e+02,  8.179100e-02
  6.150000e+01, -4.160697e-01, -4.989583e+02,  8.179100e-02
  6.160000e+01, -4.160863e-01, -4.993744e+02,  8.179100e-02
  6.170000e+01, -4.164378e-01, -4.997908e+02,  8.179100e-02
  6.180000e+01, -4.167977e-01, -5.002076e+02,  8.179100e-02
  6.190000e+01, -4.168185e-01, -5.006244e+02,  8.179100e-02
  6.200000e+01, -4.167977e-01, -5.010412e+02,  8.179100e-02
  6.210000e+01, -4.224253e-01, -5.014636e+02,  8.179100e-02
  6.220000e+01, -4.280234e-01, -5.018917e+02,  8.179100e-02
  6.230000e+01, -4.280191e-01, -5.023197e+02,  8.179100e-02
  6.240000e+01, -4.536909e-01, -5.027734e+02,  8.179100e-02
  6.250000e+01, -5.370278e-01, -5.033104e+02,  8.179100e-02
  6.260000e+01, -6.468638e-01, -5.039573e+02,  8.179100e-02
  6.270000e+01, -7.093647e-01, -5.046666e+02,  8.179100e-02
  6.280000e+01, -7.247548e-01, -5.053914e+02,  8.179100e-02
  6.290000e+01, -7.345597e-01, -5.061259e+02,  8.179100e-02
  6.300000e+01, -7.393238e-01, -5.068653e+02,  8.179100e-02
  6.310000e+01, -7.345524e-01, -5.075998e+02,  8.179100e-02
  6.320000e+01, -7.345304e-01, -5.083343e+02,  8.179100e-02
  6.330000e+01, -7.345230e-01, -5.090689e+02,  8.179100e-02
  6.340000e+01, -7.235240e-01, -5.097924e+02,  8.179100e-02
  6.350000e+01, -7.172632e-01, -5.105097e+02,  8.179100e-02
  6.360000e+01, -7.124992e-01, -5.112222e+02,  8.179100e-02
  6.370000e+01, -7.076854e-01, -5.119298e+02,  8.179100e-02
  6.380000e+01, -7.076783e-01, -5.126375e+02,  8.179100e-02
  6.390000e+01, -7.125064e-01, -5.133500e+02,  8.179100e-02
  6.400000e+01, -7.172632e-01, -5.140673e+02,  8.179100e-02
  6.410000e+01, -7.172632e-01, -5.147846e+02,  8.179100e-02
  6.420001e+01, -7.229194e-01, -5.155075e+02,  8.179100e-02
  6.430000e+01, -7.228543e-01, -5.162303e+02,  8.179100e-02
  6.440000e+01, -7.172703e-01, -5.169476e+02,  8.179100e-02
  6.450000e+01, -7.124708e-01, -5.176601e+02,  8.179100e-02
  6.460000e+01, -7.076783e-01, -5.183677e+02,  8.179100e-02
  6.470001e+01, -7.125349e-01, -5.190803e+02,  8.179100e-02
  6.480000e+01, -7.124708e-01, -5.197928e+02,  8.179100e-02
  6.490000e+01, -7.228615e-01, -5.205156e+02,  8.179100e-02
  6.500000e+01, -7.276467e-01, -5.212433e+02,  8.179100e-02
  6.510000e+01, -7.228543e-01, -5.219661e+02,  8.179100e-02
  6.520001e+01, -7.229194e-01, -5.226890e+02,  8.179100e-02
  6.530000e+01, -7.172632e-01, -5.234063e+02,  8.179100e-02
  6.540000e+01, -7.172703e-01, -5.241236e+02,  8.179100e-02
  6.550000e+01, -7.124708e-01, -5.248360e+02,  8.179100e-02
  6.560000e+01, -7.076783e-01, -5.255437e+02,  8.179100e-02
  6.570001e+01, -7.021504e-01, -5.262459e+02,  8.179100e-02
  6.580000e+01, -7.020872e-01, -5.269480e+02,  8.179100e-02
  6.590000e+01, -7.124779e-01, -5.276604e+02,  8.179100e-02
  6.600000e+01, -7.124708e-01, -5.283729e+02,  8.179100e-02
  6.610000e+01, -7.540049e-01, -5.291269e+02,  8.179100e-02
  6.620001e+01, -8.515790e-01, -5.299785e+02,  8.179100e-02
  6.630000e+01, -9.599902e-01, -5.309385e+02,  8.179100e-02
  6.640000e+01, -1.073873e+00, -5.320124e+02,  8.179100e-02
  6.650000e+01, -1.150921e+00, -5.331633e+02,  8.179100e-02
  6.660000e+01, -1.155696e+00, -5.343190e+02,  8.179100e-02
  6.670001e+01, -1.107896e+00, -5.354269e+02,  8.179100e-02
  6.680000e+01, -1.060770e+00, -5.364876e+02,  8.179100e-02
  6.690000e+01, -1.050451e+00, -5.375381e+02,  8.216100e-02
  6.700000e+01, -1.060770e+00, -5.385989e+02,  8.216100e-02
  6.710000e+01, -1.056002e+00, -5.396549e+02,  8.216100e-02
  6.720001e+01, -1.050535e+00, -5.407054e+02,  8.216100e-02
  6.730000e+01, -1.055208e+00, -5.417606e+02,  8.216100e-02
  6.740000e+01, -1.065548e+00, -5.428261e+02,  8.216100e-02
  6.750000e+01, -1.060770e+00, -5.438869e+02,  8.216100e-02
  6.760000e+01, -1.050440e+00, -5.449374e+02,  8.216100e-02
  6.770001e+01, -1.064694e+00, -5.460020e+02,  8.216100e-02
  6.780000e+01, -1.048589e+00, -5.470506e+02,  8.216100e-02
  6.790000e+01, -1.038288e+00, -5.480889e+02,  8.216100e-02
  6.800000e+01, -1.048589e+00, -5.491375e+02,  8.216100e-02
  6.810000e+01, -1.054142e+00, -5.501917e+02,  8.216100e-02
  6.820001e+01, -1.058996e+00, -5.512507e+02,  8.216100e-02
  6.830000e+01, -1.063660e+00, -5.523143e+02,  8.216100e-02
  6.840000e+01, -1.053359e+00, -5.533677e+02,  8.216100e-02
  6.850000e+01, -1.038278e+00, -5.544060e+02,  8.216100e-02
  6.860000e+01, -1.048589e+00, -5.554545e+02,  8.216100e-02
  6.870001e+01, -1.048684e+00, -5.565032e+02,  8.216100e-02
  6.880000e+01, -1.064453e+00, -5.575677e+02,  8.216100e-02
  6.890000e+01, -9.605556e-01, -5.585282e+02,  8.216100e-02
  6.900000e+01, -8.360161e-01, -5.593643e+02,  8.216100e-02
  6.910000e+01, -8.677153e-01, -5.602320e+02,  8.216100e-02
  6.920001e+01, -9.559225e-01, -5.611879e+02,  8.216100e-02
  6.930000e+01, -1.048589e+00, -5.622365e+02,  8.216100e-02
  6.940000e+01, -1.131092e+00, -5.633676e+02,  8.216100e-02
  6.950000e+01, -1.146151e+00, -5.645137e+02,  8.216100e-02
  6.960000e+01, -1.094594e+00, -5.656083e+02,  8.216100e-02
  6.970001e+01, -1.053443e+00, -5.666618e+02,  8.216100e-02
  6.980000e+01, -1.053349e+00, -5.677151e+02,  8.216100e-02
  6.990000e+01, -1.058911e+00, -5.687740e+02,  8.216100e-02
  7.000000e+01, -1.058901e+00, -5.698329e+02,  8.216100e-02
  7.010000e+01, -1.084283e+00, -5.709172e+02,  8.216100e-02
  7.020001e+01, -1.074068e+00, -5.719913e+02,  8.216100e-02
  7.030000e+01, -1.048589e+00, -5.730399e+02,  8.216100e-02
  7.040000e+01, -1.064464e+00, -5.741043e+02,  8.216100e-02
  7.050000e+01, -1.054142e+00, -5.751585e+02,  8.216100e-02
  7.060000e+01, -1.038278e+00, -5.761967e+02,  8.216100e-02
  7.070001e+01, -1.043131e+00, -5.772399e+02,  8.216100e-02
  7.080000e+01, -1.058901e+00, -5.782988e+02,  8.216100e-02
  7.090000e+01, -1.054152e+00, -5.793529e+02,  8.216100e-02
  7.100000e+01, -1.023208e+00, -5.803761e+02,  8.216100e-02
  7.110000e+01, -1.038278e+00, -5.814144e+02,  8.216100e-02
  7.120001e+01, -1.053443e+00, -5.824679e+02,  8.216100e-02
  7.130000e+01, -1.043037e+00, -5.835109e+02,  8.216100e-02
  7.140000e+01, -1.032736e+00, -5.845436e+02,  8.216100e-02
  7.150000e+01, -1.043037e+00, -5.855867e+02,  8.216100e-02
  7.160000e+01, -1.038278e+00, -5.866249e+02,  8.216100e-02
  7.170001e+01, -1.017747e+00, -5.876427e+02,  8.216100e-02
  7.180000e+01, -1.027967e+00, -5.886707e+02,  8.216100e-02
  7.190000e+01, -1.033529e+00, -5.897042e+02,  8.216100e-02
  7.200000e+01, -1.023208e+00, -5.907274e+02,  8.216100e-02
  7.210000e+01, -1.033519e+00, -5.917609e+02,  8.216100e-02
  7.220001e+01, -1.048684e+00, -5.928096e+02,  8.216100e-02
  7.230000e+01, -1.038278e+00, -5.938479e+02,  8.216100e-02
  7.240000e+01, -1.054152e+00, -5.949020e+02,  8.216100e-02
  7.250000e+01, -9.502346e-01, -5.958523e+02,  8.216100e-02
  7.260000e+01, -7.590772e-01, -5.966113e+02,  8.216100e-02
  7.270001e+01, -7.137661e-01, -5.973251e+02,  8.216100e-02
  7.280000e+01, -7.190986e-01, -5.980442e+02,  8.216100e-02
  7.290000e+01, -7.087761e-01, -5.987530e+02,  8.216100e-02
  7.300000e+01, -7.143311e-01, -5.994673e+02,  8.216100e-02
  7.310000e+01, -7.246607e-01, -6.001920e+02,  8.216100e-02
  7.320001e+01, -7.253416e-01, -6.009173e+02,  8.253100e-02
  7.330000e+01, -7.258919e-01, -6.016432e+02,  8.253100e-02
  7.340000e+01, -7.258991e-01, -6.023691e+02,  8.253100e-02
  7.350000e+01, -7.155447e-01, -6.030846e+02,  8.253100e-02
  7.360000e+01, -7.099732e-01, -6.037946e+02,  8.253100e-02
  7.370001e+01, -7.044651e-01, -6.044991e+02,  8.253100e-02
  7.380000e+01, -6.996261e-01, -6.051987e+02,  8.253100e-02
  7.390000e+01, -7.099803e-01, -6.059087e+02,  8.253100e-02
  7.400000e+01, -7.099732e-01, -6.066187e+02,  8.253100e-02
  7.410000e+01, -7.099732e-01, -6.073286e+02,  8.253100e-02
  7.420001e+01, -7.100371e-01, -6.080387e+02,  8.253100e-02
  7.430000e+01, -7.105976e-01, -6.087493e+02,  8.253100e-02
  7.440000e+01, -7.112291e-01, -6.094605e+02,  8.253100e-02
  7.450000e+01, -7.008566e-01, -6.101614e+02,  8.253100e-02
  7.460000e+01, -7.008566e-01, -6.108622e+02,  8.253100e-02
  7.470001e+01, -7.009197e-01, -6.115631e+02,  8.253100e-02
  7.480000e+01, -6.952753e-01, -6.122584e+02,  8.253100e-02
  7.490000e+01, -7.319600e-01, -6.129904e+02,  8.253100e-02
  7.500000e+01, -8.404489e-01, -6.138308e+02,  8.253100e-02
  7.510000e+01, -9.535290e-01, -6.147843e+02,  8.253100e-02
  7.520001e+01, -1.031623e+00, -6.158160e+02,  8.253100e-02
  7.530000e+01, -9.328347e-01, -6.167488e+02,  8.253100e-02
  7.540000e+01, -7.664922e-01, -6.175153e+02,  8.253100e-02
  7.550000e+01, -7.250959e-01, -6.182404e+02,  8.253100e-02
  7.560000e+01, -6.892789e-01, -6.189297e+02,  8.253100e-02
  7.570001e+01, -7.052611e-01, -6.196349e+02,  8.253100e-02
  7.580000e+01, -7.983219e-01, -6.204333e+02,  8.253100e-02
  7.590000e+01, -9.177212e-01, -6.213510e+02,  8.253100e-02
  7.600000e+01, -1.026755e+00, -6.223777e+02,  8.253100e-02
  7.610000e+01, -1.113363e+00, -6.234911e+02,  8.253100e-02
  7.620001e+01, -1.133179e+00, -6.246243e+02,  8.253100e-02
  7.630000e+01, -1.081429e+00, -6.257057e+02,  8.253100e-02
  7.640000e+01, -1.050451e+00, -6.267562e+02,  8.253100e-02
  7.650000e+01, -1.035343e+00, -6.277915e+02,  8.253100e-02
  7.660000e+01, -1.014684e+00, -6.288062e+02,  8.253100e-02
  7.670001e+01, -1.008324e+00, -6.298145e+02,  8.253100e-02
  7.680000e+01, -1.022414e+00, -6.308369e+02,  8.253100e-02
  7.690000e+01, -1.027977e+00, -6.318649e+02,  8.253100e-02
  7.700000e+01, -1.033519e+00, -6.328984e+02,  8.253100e-02
  7.710000e+01, -1.033519e+00, -6.339319e+02,  8.253100e-02
  7.720001e+01, -1.023300e+00, -6.349552e+02,  8.253100e-02
  7.730000e+01, -1.023208e+00, -6.359784e+02,  8.253100e-02
  7.740000e+01, -1.043841e+00, -6.370223e+02,  8.253100e-02
  7.750000e+01, -1.038278e+00, -6.380606e+02,  8.253100e-02
  7.760000e+01, -1.027967e+00, -6.390885e+02,  8.253100e-02
  7.770001e+01, -1.038371e+00, -6.401269e+02,  8.253100e-02
  7.780000e+01, -1.032726e+00, -6.411596e+02,  8.253100e-02
  7.790000e+01, -1.032736e+00, -6.421924e+02,  8.253100e-02
  7.800000e+01, -1.058901e+00, -6.432513e+02,  8.253100e-02
  7.810000e+01, -1.058901e+00, -6.443102e+02,  8.253100e-02
  7.820001e+01, -1.053443e+00, -6.453636e+02,  8.253100e-02
  7.830000e+01, -1.048589e+00, -6.464122e+02,  8.253100e-02
  7.840000e+01, -1.023218e+00, -6.474354e+02,  8.253100e-02
  7.850000e+01, -1.017655e+00, -6.484531e+02,  8.253100e-02
  7.860000e+01, -1.022414e+00, -6.494755e+02,  8.253100e-02
  7.870001e+01, -1.012194e+00, -6.504877e+02,  8.290200e-02
  7.880000e+01, -9.089890e-01, -6.513967e+02,  8.290200e-02
  7.890000e+01, -8.209538e-01, -6.522176e+02,  8.290200e-02
  7.900000e+01, -8.209456e-01, -6.530386e+02,  8.290200e-02
  7.910000e+01, -8.209456e-01, -6.538595e+02,  8.290200e-02
  7.920001e+01, -8.114226e-01, -6.546709e+02,  8.290200e-02
  7.930000e+01, -8.072975e-01, -6.554782e+02,  8.290200e-02
  7.940000e+01, -8.017434e-01, -6.562800e+02,  8.290200e-02
  7.950000e+01, -7.961733e-01, -6.570761e+02,  8.290200e-02
  7.960000e+01, -7.961733e-01, -6.578723e+02,  8.290200e-02
  7.970001e+01, -8.224686e-01, -6.586948e+02,  8.290200e-02
  7.980000e+01, -7.453199e-01, -6.594401e+02,  8.290200e-02
  7.990000e+01, -5.853165e-01, -6.600254e+02,  8.290200e-02
  8.000000e+01, -5.133775e-01, -6.605388e+02,  8.290200e-02
  8.010000e+01, -4.871117e-01, -6.610259e+02,  8.290200e-02
  8.020001e+01, -4.716498e-01, -6.614976e+02,  8.290200e-02
  8.030000e+01, -4.616564e-01, -6.619592e+02,  8.290200e-02
  8.040000e+01, -4.512956e-01, -6.624105e+02,  8.290200e-02
  8.050000e+01, -4.465071e-01, -6.628570e+02,  8.290200e-02
  8.060000e+01, -4.468991e-01, -6.633039e+02,  8.290200e-02
  8.070001e+01, -4.521241e-01, -6.637560e+02,  8.290200e-02
  8.080000e+01, -4.568759e-01, -6.642129e+02,  8.290200e-02
  8.090000e+01, -4.568804e-01, -6.646698e+02,  8.290200e-02
  8.100000e+01, -4.568759e-01, -6.651267e+02,  8.290200e-02
  8.110000e+01, -4.568759e-01, -6.655836e+02,  8.290200e-02
  8.120001e+01, -4.573174e-01, -6.660409e+02,  8.290200e-02
  8.130000e+01, -4.576766e-01, -6.664985e+02,  8.290200e-02
  8.140000e+01, -4.528804e-01, -6.669514e+02,  8.290200e-02
  8.150000e+01, -4.480750e-01, -6.673995e+02,  8.290200e-02
  8.160000e+01, -4.528758e-01, -6.678524e+02,  8.290200e-02
  8.170001e+01, -4.577178e-01, -6.683101e+02,  8.290200e-02
  8.180000e+01, -5.104855e-01, -6.688206e+02,  8.290200e-02
  8.190000e+01, -6.153092e-01, -6.694359e+02,  8.290200e-02
  8.200000e+01, -7.027025e-01, -6.701386e+02,  8.290200e-02
  8.210000e+01, -7.587973e-01, -6.708974e+02,  8.290200e-02
  8.220001e+01, -7.748417e-01, -6.716722e+02,  8.290200e-02
  8.230000e+01, -7.747720e-01, -6.724470e+02,  8.290200e-02
  8.240000e+01, -7.691886e-01, -6.732162e+02,  8.290200e-02
  8.250000e+01, -7.581323e-01, -6.739743e+02,  8.290200e-02
  8.260000e+01, -7.630487e-01, -6.747374e+02,  8.290200e-02
  8.270001e+01, -7.583329e-01, -6.754957e+02,  8.290200e-02
  8.280000e+01, -7.582647e-01, -6.762540e+02,  8.290200e-02
  8.290000e+01, -7.630563e-01, -6.770170e+02,  8.290200e-02
  8.300000e+01, -7.574674e-01, -6.777745e+02,  8.290200e-02
  8.310000e+01, -7.574674e-01, -6.785320e+02,  8.290200e-02
  8.320001e+01, -7.527511e-01, -6.792847e+02,  8.290200e-02
  8.330000e+01, -7.478993e-01, -6.800326e+02,  8.290200e-02
  8.340000e+01, -7.526909e-01, -6.807853e+02,  8.290200e-02
  8.350000e+01, -7.574674e-01, -6.815428e+02,  8.290200e-02
  8.360000e+01, -7.526833e-01, -6.822955e+02,  8.290200e-02
  8.370001e+01, -7.527511e-01, -6.830482e+02,  8.290200e-02
  8.380000e+01, -7.574674e-01, -6.838057e+02,  8.290200e-02
  8.390000e+01, -7.526909e-01, -6.845584e+02,  8.290200e-02
  8.400000e+01, -7.472428e-01, -6.853056e+02,  8.290200e-02
  8.410000e+01, -7.513618e-01, -6.860570e+02,  8.290200e-02
  8.420001e+01, -7.514294e-01, -6.868084e+02,  8.290200e-02
  8.430000e+01, -7.465862e-01, -6.875550e+02,  8.290200e-02
  8.440000e+01, -7.410220e-01, -6.882960e+02,  8.290200e-02
  8.450000e+01, -7.354431e-01, -6.890315e+02,  8.290200e-02
  8.460000e+01, -7.354431e-01, -6.897669e+02,  8.290200e-02
  8.470001e+01, -7.307332e-01, -6.904976e+02,  8.290200e-02
  8.480000e+01, -7.672805e-01, -6.912649e+02,  8.290200e-02
  8.490000e+01, -8.190244e-01, -6.920839e+02,  8.290200e-02
  8.500000e+01, -7.927503e-01, -6.928767e+02,  8.290200e-02
  8.510000e+01, -7.410146e-01, -6.936177e+02,  8.290200e-02
  8.520001e+01, -7.570014e-01, -6.943747e+02,  8.290200e-02
  8.530000e+01, -8.444861e-01, -6.952192e+02,  8.290200e-02
  8.540000e+01, -9.742331e-01, -6.961934e+02,  8.290200e-02
  8.550000e+01, -1.087914e+00, -6.972813e+02,  8.290200e-02
  8.560000e+01, -1.169628e+00, -6.984510e+02,  8.290200e-02
  8.570001e+01, -1.184832e+00, -6.996358e+02,  8.290200e-02
  8.580000e+01, -1.121758e+00, -7.007575e+02,  8.290200e-02
  8.590000e+01, -1.085087e+00, -7.018426e+02,  8.327200e-02
  8.600000e+01, -1.085076e+00, -7.029277e+02,  8.327200e-02
  8.610000e+01, -1.074765e+00, -7.040025e+02,  8.327200e-02
  8.620001e+01, -1.074861e+00, -7.050773e+02,  8.327200e-02
  8.630000e+01, -1.079524e+00, -7.061569e+02,  8.327200e-02
  8.640000e+01, -1.084294e+00, -7.072412e+02,  8.327200e-02
  8.650000e+01, -1.069212e+00, -7.083104e+02,  8.327200e-02
  8.660000e+01, -1.068269e+00, -7.093786e+02,  8.327200e-02
  8.670001e+01, -1.077715e+00, -7.104564e+02,  8.327200e-02
  8.680000e+01, -1.067325e+00, -7.115237e+02,  8.327200e-02
  8.690000e+01, -1.077629e+00, -7.126013e+02,  8.327200e-02
  8.700000e+01, -1.098205e+00, -7.136995e+02,  8.327200e-02
  8.710000e+01, -1.098205e+00, -7.147977e+02,  8.327200e-02
  8.720001e+01, -1.093552e+00, -7.158913e+02,  8.327200e-02
  8.730000e+01, -1.077618e+00, -7.169689e+02,  8.327200e-02
  8.740000e+01, -1.067336e+00, -7.180362e+02,  8.327200e-02
  8.750000e+01, -1.077618e+00, -7.191138e+02,  8.327200e-02
  8.760000e+01, -1.082369e+00, -7.201962e+02,  8.327200e-02
  8.770001e+01, -1.088009e+00, -7.212842e+02,  8.327200e-02
  8.780000e+01, -1.103747e+00, -7.223880e+02,  8.327200e-02
  8.790000e+01, -1.098216e+00, -7.234862e+02,  8.327200e-02
  8.800000e+01, -1.072076e+00, -7.245583e+02,  8.327200e-02
  8.810000e+01, -1.082369e+00, -7.256406e+02,  8.327200e-02
  8.820001e+01, -1.149774e+00, -7.267904e+02,  8.327200e-02
  8.830000e+01, -1.036445e+00, -7.278268e+02,  8.327200e-02
  8.840000e+01, -8.915579e-01, -7.287184e+02,  8.327200e-02
  8.850000e+01, -9.327217e-01, -7.296511e+02,  8.327200e-02
  8.860000e+01, -9.794370e-01, -7.306306e+02,  8.327200e-02
  8.870001e+01, -1.082466e+00, -7.317130e+02,  8.327200e-02
  8.880000e+01, -1.185301e+00, -7.328983e+02,  8.327200e-02
  8.890000e+01, -1.180562e+00, -7.340789e+02,  8.327200e-02
  8.900000e+01, -1.129084e+00, -7.352080e+02,  8.327200e-02
  8.910000e+01, -1.123542e+00, -7.363315e+02,  8.327200e-02
  8.920001e+01, -1.098303e+00, -7.374298e+02,  8.327200e-02
  8.930000e+01, -1.062574e+00, -7.384924e+02,  8.327200e-02
  8.940000e+01, -1.082214e+00, -7.395746e+02,  8.327200e-02
  8.950000e+01, -1.091521e+00, -7.406661e+02,  8.327200e-02
  8.960000e+01, -1.070971e+00, -7.417371e+02,  8.327200e-02
  8.970001e+01, -1.081343e+00, -7.428184e+02,  8.327200e-02
  8.980000e+01, -1.081246e+00, -7.438997e+02,  8.327200e-02
  8.990000e+01, -1.060706e+00, -7.449604e+02,  8.327200e-02
  9.000000e+01, -1.075713e+00, -7.460361e+02,  8.327200e-02
  9.010000e+01, -1.085988e+00, -7.471221e+02,  8.327200e-02
  9.020001e+01, -1.086086e+00, -7.482082e+02,  8.327200e-02
  9.030000e+01, -1.080455e+00, -7.492886e+02,  8.327200e-02
  9.040000e+01, -1.075724e+00, -7.503644e+02,  8.327200e-02
  9.050000e+01, -1.101796e+00, -7.514662e+02,  8.327200e-02
  9.060000e+01, -1.085988e+00, -7.525521e+02,  8.327200e-02
  9.070001e+01, -1.090828e+00, -7.536430e+02,  8.327200e-02
  9.080000e+01, -1.101005e+00, -7.547440e+02,  8.327200e-02
  9.090000e+01, -1.065449e+00, -7.558094e+02,  8.327200e-02
  9.100000e+01, -1.085988e+00, -7.568954e+02,  8.327200e-02
  9.110000e+01, -1.080455e+00, -7.579759e+02,  8.327200e-02
  9.120001e+01, -1.086086e+00, -7.590620e+02,  8.327200e-02
  9.130000e+01, -1.091521e+00, -7.601535e+02,  8.327200e-02
  9.140000e+01, -1.065449e+00, -7.612189e+02,  8.327200e-02
  9.150000e+01, -1.070180e+00, -7.622891e+02,  8.327200e-02
  9.160000e+01, -1.080455e+00, -7.633696e+02,  8.327200e-02
  9.170001e+01, -1.070277e+00, -7.644398e+02,  8.327200e-02
  9.180000e+01, -1.075713e+00, -7.655155e+02,  8.364200e-02
  9.190000e+01, -9.738344e-01, -7.664894e+02,  8.364200e-02
  9.200000e+01, -8.147459e-01, -7.673041e+02,  8.364200e-02
  9.210000e+01, -7.783238e-01, -7.680825e+02,  8.364200e-02
  9.220001e+01, -7.680998e-01, -7.688506e+02,  8.364200e-02
  9.230000e+01, -7.584073e-01, -7.696090e+02,  8.364200e-02
  9.240000e+01, -7.487733e-01, -7.703577e+02,  8.364200e-02
  9.250000e+01, -7.543181e-01, -7.711121e+02,  8.364200e-02
  9.260000e+01, -7.543181e-01, -7.718664e+02,  8.364200e-02
  9.270001e+01, -7.543860e-01, -7.726208e+02,  8.364200e-02
  9.280000e+01, -7.543181e-01, -7.733751e+02,  8.364200e-02
  9.290000e+01, -7.487733e-01, -7.741238e+02,  8.364200e-02
  9.300000e+01, -7.494266e-01, -7.748733e+02,  8.364200e-02
  9.310000e+01, -7.556495e-01, -7.756289e+02,  8.364200e-02
  9.320001e+01, -7.557175e-01, -7.763846e+02,  8.364200e-02
  9.330000e+01, -7.453199e-01, -7.771300e+02,  8.364200e-02
  9.340000e+01, -7.453273e-01, -7.778753e+02,  8.364200e-02
  9.350000e+01, -7.453199e-01, -7.786206e+02,  8.364200e-02
  9.360000e+01, -7.453199e-01, -7.793659e+02,  8.364200e-02
  9.370001e+01, -7.398244e-01, -7.801058e+02,  8.364200e-02
  9.380000e+01, -7.445253e-01, -7.808503e+02,  8.364200e-02
  9.390000e+01, -7.445328e-01, -7.815948e+02,  8.364200e-02
  9.400000e+01, -7.500874e-01, -7.823449e+02,  8.364200e-02
  9.410000e+01, -7.500874e-01, -7.830950e+02,  8.364200e-02
  9.420001e+01, -7.708160e-01, -7.838658e+02,  8.364200e-02
  9.430000e+01, -8.899342e-01, -7.847557e+02,  8.364200e-02
  9.440000e+01, -1.009132e+00, -7.857649e+02,  8.364200e-02
  9.450000e+01, -1.086033e+00, -7.868509e+02,  8.364200e-02
  9.460000e+01, -9.979123e-01, -7.878488e+02,  8.364200e-02
  9.470001e+01, -8.383617e-01, -7.886872e+02,  8.364200e-02
  9.480000e+01, -8.120650e-01, -7.894992e+02,  8.364200e-02
  9.490000e+01, -7.858515e-01, -7.902851e+02,  8.364200e-02
  9.500000e+01, -7.858437e-01, -7.910709e+02,  8.364200e-02
  9.510000e+01, -8.684804e-01, -7.919394e+02,  8.364200e-02
  9.520001e+01, -9.718016e-01, -7.929112e+02,  8.364200e-02
  9.530000e+01, -1.085076e+00, -7.939963e+02,  8.364200e-02
  9.540000e+01, -1.167579e+00, -7.951639e+02,  8.364200e-02
  9.550000e+01, -1.160989e+00, -7.963249e+02,  8.364200e-02
  9.560000e+01, -1.113249e+00, -7.974381e+02,  8.364200e-02
  9.570001e+01, -1.092760e+00, -7.985309e+02,  8.364200e-02
  9.580000e+01, -1.087911e+00, -7.996188e+02,  8.364200e-02
  9.590000e+01, -1.083172e+00, -8.007020e+02,  8.364200e-02
  9.600000e+01, -1.087911e+00, -8.017899e+02,  8.364200e-02
  9.610000e+01, -1.087911e+00, -8.028778e+02,  8.364200e-02
  9.620001e+01, -1.088009e+00, -8.039658e+02,  8.364200e-02
  9.630000e+01, -1.087911e+00, -8.050537e+02,  8.364200e-02
  9.640000e+01, -1.087922e+00, -8.061416e+02,  8.364200e-02
  9.650000e+01, -1.072076e+00, -8.072137e+02,  8.364200e-02
  9.660000e+01, -1.057032e+00, -8.082707e+02,  8.364200e-02
  9.670001e+01, -1.057127e+00, -8.093279e+02,  8.364200e-02
  9.680000e+01, -1.076666e+00, -8.104045e+02,  8.364200e-02
  9.690000e+01, -1.081256e+00, -8.114858e+02,  8.364200e-02
  9.700000e+01, -1.081246e+00, -8.125670e+02,  8.364200e-02
  9.710000e+01, -1.081246e+00, -8.136483e+02,  8.364200e-02
  9.720001e+01, -1.055258e+00, -8.147035e+02,  8.364200e-02
  9.730000e+01, -1.070180e+00, -8.157737e+02,  8.401200e-02
  9.740000e+01, -1.070191e+00, -8.168439e+02,  8.401200e-02
  9.750000e+01, -1.059905e+00, -8.179038e+02,  8.401200e-02
  9.760000e+01, -1.049630e+00, -8.189534e+02,  8.401200e-02
  9.770001e+01, -1.044982e+00, -8.199984e+02,  8.401200e-02
  9.780000e+01, -1.060696e+00, -8.210591e+02,  8.401200e-02
  9.790000e+01, -1.044898e+00, -8.221040e+02,  8.401200e-02
  9.800000e+01, -9.730335e-01, -8.230770e+02,  8.401200e-02
  9.810000e+01, -8.915490e-01, -8.239686e+02,  8.401200e-02
  9.820001e+01, -8.559957e-01, -8.248246e+02,  8.401200e-02
  9.830000e+01, -8.400830e-01, -8.256647e+02,  8.401200e-02
  9.840000e+01, -8.345489e-01, -8.264992e+02,  8.401200e-02
  9.850000e+01, -8.345405e-01, -8.273338e+02,  8.401200e-02
  9.860000e+01, -8.400830e-01, -8.281738e+02,  8.401200e-02
  9.870001e+01, -8.504527e-01, -8.290243e+02,  8.401200e-02
  9.880000e+01, -8.455806e-01, -8.298699e+02,  8.401200e-02
  9.890000e+01, -8.415768e-01, -8.307114e+02,  8.401200e-02
  9.900000e+01, -8.312570e-01, -8.315427e+02,  8.401200e-02
  9.910000e+01, -7.281430e-01, -8.322708e+02,  8.401200e-02
  9.920001e+01, -5.795876e-01, -8.328504e+02,  8.401200e-02
  9.930000e+01, -4.815180e-01, -8.333320e+02,  8.401200e-02
  9.940000e+01, -4.346419e-01, -8.337666e+02,  8.401200e-02
  9.950000e+01, -4.246684e-01, -8.341913e+02,  8.401200e-02
  9.960000e+01, -4.250288e-01, -8.346163e+02,  8.401200e-02
  9.970001e+01, -4.250671e-01, -8.350414e+02,  8.401200e-02
  9.980000e+01, -4.254026e-01, -8.354668e+02,  8.401200e-02
  9.990000e+01, -4.257806e-01, -8.358925e+02,  8.401200e-02
  1.000000e+02, -4.201950e-01, -8.363127e+02,  8.401200e-02
  1.001000e+02, -4.146137e-01, -8.367274e+02,  8.401200e-02
  1.002000e+02, -4.146510e-01, -8.371420e+02,  8.401200e-02
  1.003000e+02, -4.149777e-01, -8.375570e+02,  8.401200e-02
  1.004000e+02, -4.105534e-01, -8.379675e+02,  8.401200e-02
  1.005000e+02, -4.105493e-01, -8.383781e+02,  8.401200e-02
  1.006000e+02, -4.153417e-01, -8.387934e+02,  8.401200e-02
  1.007000e+02, -4.153791e-01, -8.392088e+02,  8.401200e-02
  1.008000e+02, -4.209328e-01, -8.396297e+02,  8.401200e-02
  1.009000e+02, -4.209370e-01, -8.400507e+02,  8.401200e-02
  1.010000e+02, -4.153417e-01, -8.404660e+02,  8.401200e-02
  1.011000e+02, -4.153417e-01, -8.408814e+02,  8.401200e-02
  1.012000e+02, -4.577158e-01, -8.413391e+02,  8.401200e-02
  1.013000e+02, -5.623088e-01, -8.419014e+02,  8.401200e-02
  1.014000e+02, -6.813269e-01, -8.425827e+02,  8.401200e-02
  1.015000e+02, -7.380302e-01, -8.433207e+02,  8.401200e-02
  1.016000e+02, -7.325952e-01, -8.440533e+02,  8.401200e-02
  1.017000e+02, -7.376004e-01, -8.447909e+02,  8.401200e-02
  1.018000e+02, -7.375340e-01, -8.455285e+02,  8.401200e-02
  1.019000e+02, -7.271759e-01, -8.462556e+02,  8.401200e-02
  1.020000e+02, -7.271687e-01, -8.469828e+02,  8.401200e-02
  1.021000e+02, -7.319527e-01, -8.477148e+02,  8.401200e-02
  1.022000e+02, -7.264367e-01, -8.484412e+02,  8.401200e-02
  1.023000e+02, -7.112220e-01, -8.491524e+02,  8.401200e-02
  1.024000e+02, -7.106047e-01, -8.498630e+02,  8.401200e-02
  1.025000e+02, -7.099732e-01, -8.505730e+02,  8.401200e-02
  1.026000e+02, -7.155447e-01, -8.512885e+02,  8.401200e-02
  1.027000e+02, -7.156091e-01, -8.520042e+02,  8.401200e-02
  1.028000e+02, -7.203203e-01, -8.527245e+02,  8.401200e-02
  1.029000e+02, -7.251032e-01, -8.534496e+02,  8.401200e-02
  1.030000e+02, -7.203203e-01, -8.541699e+02,  8.401200e-02
  1.031000e+02, -7.203203e-01, -8.548902e+02,  8.401200e-02
  1.032000e+02, -7.148131e-01, -8.556050e+02,  8.401200e-02
  1.033000e+02, -7.147488e-01, -8.563198e+02,  8.401200e-02
  1.034000e+02, -7.099803e-01, -8.570298e+02,  8.401200e-02
  1.035000e+02, -7.155447e-01, -8.577453e+02,  8.401200e-02
  1.036000e+02, -7.155447e-01, -8.584609e+02,  8.401200e-02
  1.037000e+02, -7.156091e-01, -8.591765e+02,  8.401200e-02
  1.038000e+02, -7.155447e-01, -8.598920e+02,  8.401200e-02
  1.039000e+02, -7.052046e-01, -8.605972e+02,  8.401200e-02
  1.040000e+02, -6.948505e-01, -8.612921e+02,  8.401200e-02
  1.041000e+02, -7.155447e-01, -8.620076e+02,  8.401200e-02
  1.042000e+02, -8.183953e-01, -8.628260e+02,  8.401200e-02
  1.043000e+02, -9.002638e-01, -8.637263e+02,  8.401200e-02
  1.044000e+02, -8.637216e-01, -8.645900e+02,  8.401200e-02
  1.045000e+02, -7.604170e-01, -8.653504e+02,  8.401200e-02
  1.046000e+02, -7.397578e-01, -8.660902e+02,  8.401200e-02
  1.047000e+02, -8.431296e-01, -8.669333e+02,  8.401200e-02
  1.048000e+02, -9.613937e-01, -8.678947e+02,  8.401200e-02
  1.049000e+02, -1.048600e+00, -8.689433e+02,  8.401200e-02
  1.050000e+02, -1.126321e+00, -8.700696e+02,  8.401200e-02
  1.051000e+02, -1.131081e+00, -8.712007e+02,  8.401200e-02
  1.052000e+02, -1.084380e+00, -8.722851e+02,  8.401200e-02
  1.053000e+02, -1.073024e+00, -8.733581e+02,  8.401200e-02
  1.054000e+02, -1.057042e+00, -8.744151e+02,  8.401200e-02
  1.055000e+02, -1.046739e+00, -8.754619e+02,  8.401200e-02
  1.056000e+02, -1.051489e+00, -8.765134e+02,  8.401200e-02
  1.057000e+02, -1.067421e+00, -8.775808e+02,  8.438200e-02
  1.058000e+02, -1.062574e+00, -8.786434e+02,  8.438200e-02
  1.059000e+02, -1.041998e+00, -8.796854e+02,  8.438200e-02
  1.060000e+02, -1.036445e+00, -8.807218e+02,  8.438200e-02
  1.061000e+02, -1.050560e+00, -8.817724e+02,  8.438200e-02
  1.062000e+02, -1.049725e+00, -8.828221e+02,  8.438200e-02
  1.063000e+02, -1.034613e+00, -8.838567e+02,  8.438200e-02
  1.064000e+02, -1.040156e+00, -8.848969e+02,  8.438200e-02
  1.065000e+02, -1.055163e+00, -8.859520e+02,  8.438200e-02
  1.066000e+02, -1.065438e+00, -8.870175e+02,  8.438200e-02
  1.067000e+02, -1.071067e+00, -8.880885e+02,  8.438200e-02
  1.068000e+02, -1.065438e+00, -8.891540e+02,  8.438200e-02
  1.069000e+02, -1.039366e+00, -8.901933e+02,  8.438200e-02
  1.070000e+02, -1.039355e+00, -8.912327e+02,  8.438200e-02
  1.071000e+02, -1.034613e+00, -8.922673e+02,  8.438200e-02
  1.072000e+02, -1.029963e+00, -8.932973e+02,  8.438200e-02
  1.073000e+02, -9.326882e-01, -8.942299e+02,  8.438200e-02
  1.074000e+02, -8.559272e-01, -8.950859e+02,  8.438200e-02
  1.075000e+02, -9.018422e-01, -8.959877e+02,  8.438200e-02
  1.076000e+02, -9.627494e-01, -8.969505e+02,  8.438200e-02
  1.077000e+02, -1.029173e+00, -8.979796e+02,  8.438200e-02
  1.078000e+02, -1.096263e+00, -8.990759e+02,  8.438200e-02
  1.079000e+02, -1.116824e+00, -9.001927e+02,  8.438200e-02
  1.080000e+02, -1.070180e+00, -9.012629e+02,  8.438200e-02
  1.081000e+02, -1.059905e+00, -9.023228e+02,  8.438200e-02
  1.082000e+02, -1.044982e+00, -9.033678e+02,  8.438200e-02
  1.083000e+02, -1.024338e+00, -9.043921e+02,  8.438200e-02
  1.084000e+02, -1.049641e+00, -9.054418e+02,  8.438200e-02
  1.085000e+02, -1.044888e+00, -9.064867e+02,  8.438200e-02
  1.086000e+02, -1.029871e+00, -9.075165e+02,  8.438200e-02
  1.087000e+02, -1.060791e+00, -9.085773e+02,  8.438200e-02
  1.088000e+02, -1.060696e+00, -9.096380e+02,  8.438200e-02
  1.089000e+02, -1.034623e+00, -9.106726e+02,  8.438200e-02
  1.090000e+02, -1.039355e+00, -9.117120e+02,  8.438200e-02
  1.091000e+02, -1.044888e+00, -9.127569e+02,  8.438200e-02
